0 0.9604166666666667 0.7061728395061728 0.07083333333333333 0.16790123456790124
0 0.5868055555555556 0.3950617283950617 0.13194444444444445 0.10864197530864197
0 0.6819444444444445 0.5765432098765432 0.1277777777777778 0.2641975308641975
0 0.6013888888888889 0.6790123456790124 0.11111111111111112 0.1728395061728395
0 0.7541666666666667 0.9345679012345679 0.11944444444444445 0.1111111111111111
0 0.6506944444444445 0.937037037037037 0.14305555555555557 0.10617283950617283
0 0.49930555555555556 0.9246913580246914 0.11527777777777778 0.14074074074074075
0 0.41805555555555557 0.8641975308641975 0.09166666666666667 0.25679012345679014
0 0.8666666666666667 0.8481481481481481 0.26666666666666666 0.3037037037037037
0 0.9118055555555555 0.571604938271605 0.1763888888888889 0.15061728395061727
1 0.8722222222222222 0.4024691358024691 0.1527777777777778 0.21728395061728395
0 0.9340277777777778 0.19753086419753085 0.12638888888888888 0.1728395061728395
0 0.9465277777777779 0.2938271604938272 0.10694444444444445 0.1925925925925926
0 0.7819444444444444 0.5604938271604938 0.12222222222222223 0.25679012345679014
0 0.5194444444444445 0.8197530864197531 0.13055555555555556 0.2222222222222222
0 0.6597222222222222 0.7901234567901234 0.16944444444444445 0.1925925925925926
