0 0.8180555555555555 0.26296296296296295 0.21666666666666667 0.15555555555555556
0 0.4715277777777778 0.20123456790123456 0.10138888888888889 0.0962962962962963
0 0.4618055555555556 0.3728395061728395 0.09583333333333334 0.10864197530864197
0 0.5993055555555555 0.44814814814814813 0.1125 0.13580246913580246
0 0.5194444444444445 0.5 0.11944444444444445 0.1111111111111111
0 0.45763888888888893 0.6172839506172839 0.1902777777777778 0.26666666666666666
0 0.33819444444444446 0.5654320987654321 0.09305555555555556 0.19753086419753085
0 0.6027777777777777 0.36049382716049383 0.11944444444444445 0.1728395061728395
0 0.6826388888888889 0.5666666666666667 0.12361111111111112 0.14074074074074075
0 0.7131944444444445 0.4148148148148148 0.10694444444444445 0.11851851851851852
0 0.8916666666666667 0.47530864197530864 0.13611111111111113 0.19999999999999998
0 0.9743055555555556 0.4074074074074074 0.043055555555555555 0.21234567901234566
0 0.6729166666666667 0.7246913580246913 0.18194444444444446 0.254320987654321
0 0.8930555555555556 0.6851851851851851 0.20555555555555557 0.19999999999999998
0 0.7694444444444445 0.8938271604938272 0.15555555555555556 0.19753086419753085
0 0.9118055555555555 0.8592592592592593 0.15694444444444444 0.26666666666666666
0 0.8013888888888889 0.18024691358024691 0.18611111111111112 0.10864197530864197
1 0.6666666666666667 0.12098765432098765 0.09722222222222222 0.14320987654320988
0 0.6055555555555556 0.254320987654321 0.08055555555555556 0.12345679012345678
1 0.8805555555555555 0.09753086419753086 0.11944444444444445 0.145679012345679
