0 0.9020833333333333 0.42839506172839503 0.1625 0.16049382716049382
0 0.5368055555555555 0.2876543209876543 0.10416666666666667 0.0962962962962963
0 0.6333333333333333 0.37160493827160496 0.061111111111111116 0.13580246913580246
0 0.5541666666666667 0.46543209876543207 0.10555555555555556 0.15061728395061727
0 0.7055555555555556 0.6395061728395062 0.14722222222222223 0.18271604938271604
0 0.6131944444444445 0.6765432098765432 0.14027777777777778 0.14814814814814814
0 0.5256944444444445 0.7604938271604939 0.20694444444444446 0.35555555555555557
0 0.4152777777777778 0.6987654320987654 0.09722222222222222 0.30123456790123454
0 0.7194444444444444 0.5382716049382716 0.13055555555555556 0.1728395061728395
0 0.7944444444444445 0.7790123456790123 0.13611111111111113 0.13580246913580246
0 0.8465277777777778 0.6061728395061728 0.10416666666666667 0.1259259259259259
0 0.7604166666666667 0.8876543209876543 0.17916666666666667 0.20987654320987653
0 0.8791666666666667 0.32469135802469135 0.21944444444444444 0.17037037037037037
1 0.7631944444444445 0.24320987654320989 0.10972222222222222 0.1654320987654321
0 0.8604166666666667 0.16049382716049382 0.14583333333333334 0.1728395061728395
0 0.6930555555555555 0.3925925925925926 0.08055555555555556 0.1925925925925926
0 0.9104166666666667 0.9234567901234567 0.1763888888888889 0.15308641975308643
1 0.9625 0.22592592592592592 0.075 0.18518518518518517
