0 0.7402777777777778 0.22592592592592592 0.20833333333333334 0.1308641975308642
0 0.42291666666666666 0.19753086419753085 0.10416666666666667 0.08395061728395062
0 0.4166666666666667 0.3382716049382716 0.061111111111111116 0.07407407407407407
0 0.5256944444444445 0.4012345679012346 0.10694444444444445 0.11604938271604938
0 0.4604166666666667 0.45185185185185184 0.12083333333333333 0.09382716049382715
0 0.39722222222222225 0.5098765432098765 0.18611111111111112 0.22469135802469134
0 0.3180555555555556 0.5259259259259259 0.09444444444444444 0.15308641975308643
0 0.5541666666666667 0.3 0.11111111111111112 0.145679012345679
0 0.5868055555555556 0.4444444444444444 0.11805555555555557 0.14320987654320988
0 0.6340277777777779 0.3654320987654321 0.10694444444444445 0.11851851851851852
0 0.7604166666666667 0.40987654320987654 0.1125 0.15308641975308643
0 0.8680555555555556 0.34814814814814815 0.14166666666666666 0.21234567901234566
0 0.5944444444444444 0.5962962962962963 0.17500000000000002 0.22962962962962963
0 0.7916666666666667 0.537037037037037 0.29444444444444445 0.19999999999999998
0 0.6506944444444445 0.7580246913580246 0.1625 0.2074074074074074
0 0.701388888888889 0.7962962962962963 0.29444444444444445 0.4074074074074074
1 0.9 0.8567901234567901 0.2 0.28641975308641976
0 0.7222222222222222 0.16790123456790124 0.18888888888888888 0.1037037037037037
1 0.6034722222222223 0.12962962962962962 0.09305555555555556 0.10617283950617283
0 0.5520833333333334 0.24320987654320989 0.07916666666666666 0.12098765432098765
0 0.9673611111111111 0.5814814814814815 0.06527777777777778 0.34814814814814815
1 0.788888888888889 0.09382716049382715 0.09166666666666667 0.14320987654320988
