0 0.8666666666666667 0.35185185185185186 0.2 0.16049382716049382
0 0.5131944444444445 0.24320987654320989 0.10138888888888889 0.0962962962962963
0 0.5958333333333333 0.3111111111111111 0.05 0.10864197530864197
0 0.5243055555555556 0.41728395061728396 0.11805555555555557 0.1580246913580247
0 0.6527777777777778 0.5469135802469136 0.13055555555555556 0.16049382716049382
0 0.5715277777777777 0.6074074074074074 0.10416666666666667 0.12345679012345678
0 0.4881944444444445 0.6753086419753086 0.19305555555555556 0.30864197530864196
0 0.3770833333333333 0.6320987654320988 0.09583333333333334 0.26666666666666666
0 0.6583333333333333 0.4493827160493827 0.11111111111111112 0.17777777777777778
0 0.7416666666666667 0.6753086419753086 0.13055555555555556 0.1308641975308642
0 0.7805555555555556 0.508641975308642 0.10555555555555556 0.12345679012345678
0 0.90625 0.6259259259259259 0.1875 0.3135802469135802
0 0.71875 0.8358024691358025 0.20972222222222223 0.32839506172839505
0 0.9020833333333333 0.8814814814814814 0.19583333333333333 0.23703703703703705
0 0.8402777777777778 0.25679012345679014 0.21666666666666667 0.14320987654320988
1 0.7145833333333333 0.17901234567901234 0.10416666666666667 0.15555555555555556
0 0.8138888888888889 0.10740740740740741 0.14722222222222223 0.1654320987654321
0 0.6465277777777778 0.33209876543209876 0.07916666666666666 0.145679012345679
