0 0.9493055555555556 0.571604938271605 0.09305555555555556 0.1654320987654321
0 0.5916666666666667 0.35061728395061725 0.13333333333333333 0.11358024691358025
0 0.6930555555555555 0.5135802469135803 0.10277777777777779 0.2222222222222222
0 0.5777777777777778 0.6024691358024691 0.11944444444444445 0.1580246913580247
0 0.8256944444444445 0.8728395061728395 0.19861111111111113 0.254320987654321
0 0.6798611111111111 0.8888888888888888 0.1763888888888889 0.2074074074074074
0 0.5493055555555556 0.8679012345679012 0.14305555555555557 0.254320987654321
0 0.45625000000000004 0.828395061728395 0.10972222222222222 0.3432098765432099
0 0.8090277777777778 0.7271604938271605 0.1625 0.19012345679012346
0 0.9291666666666667 0.8148148148148148 0.10277777777777779 0.12839506172839507
0 0.9256944444444445 0.4765432098765432 0.14305555555555557 0.1382716049382716
1 0.8416666666666667 0.3654320987654321 0.125 0.18271604938271604
0 0.9145833333333334 0.17777777777777778 0.1625 0.1728395061728395
0 0.9340277777777778 0.2641975308641975 0.12916666666666668 0.16790123456790124
0 0.7590277777777779 0.4802469135802469 0.10416666666666667 0.19999999999999998
0 0.5416666666666667 0.7469135802469136 0.13055555555555556 0.20987654320987653
0 0.6659722222222223 0.6987654320987654 0.17916666666666667 0.15308641975308643
