0 0.9437500000000001 0.7802469135802469 0.1125 0.18271604938271604
0 0.5645833333333333 0.41975308641975306 0.13194444444444445 0.10864197530864197
0 0.6493055555555556 0.6222222222222222 0.14027777777777778 0.2814814814814815
0 0.5805555555555556 0.7098765432098765 0.15555555555555556 0.2641975308641975
0 0.44930555555555557 0.9407407407407408 0.08750000000000001 0.10864197530864197
0 0.36944444444444446 0.8851851851851852 0.09166666666666667 0.21481481481481482
0 0.7840277777777778 0.8901234567901234 0.1625 0.20987654320987653
0 0.9277777777777778 0.6283950617283951 0.14166666666666666 0.17037037037037037
1 0.8458333333333333 0.4740740740740741 0.14166666666666666 0.19753086419753085
0 0.913888888888889 0.23333333333333334 0.15 0.2345679012345679
0 0.9381944444444444 0.3530864197530864 0.11527777777777778 0.16790123456790124
0 0.7541666666666667 0.6049382716049383 0.125 0.2716049382716049
0 0.4708333333333333 0.8703703703703703 0.14166666666666666 0.2345679012345679
0 0.6173611111111111 0.8728395061728395 0.17083333333333334 0.19506172839506172
