0 0.9277777777777778 0.8098765432098766 0.13611111111111113 0.1925925925925926
0 0.5243055555555556 0.437037037037037 0.14027777777777778 0.11851851851851852
0 0.6118055555555556 0.6580246913580247 0.14305555555555557 0.2938271604938272
0 0.5208333333333334 0.7209876543209877 0.14444444444444446 0.30123456790123454
0 0.4104166666666667 0.8864197530864197 0.15694444444444444 0.2271604938271605
0 0.7229166666666667 0.9135802469135802 0.2125 0.1728395061728395
0 0.89375 0.6358024691358024 0.2125 0.19999999999999998
1 0.7916666666666667 0.4765432098765432 0.14166666666666666 0.19753086419753085
0 0.875 0.2506172839506173 0.15 0.2345679012345679
0 0.9118055555555555 0.3469135802469136 0.14305555555555557 0.1654320987654321
0 0.6944444444444444 0.6185185185185185 0.125 0.2740740740740741
0 0.33819444444444446 0.8901234567901234 0.09583333333333334 0.21975308641975308
0 0.5576388888888889 0.8950617283950617 0.16527777777777777 0.20987654320987653
0 0.7548611111111111 0.5654320987654321 0.12916666666666668 0.21234567901234566
