0 0.2569444444444445 0.9148148148148147 0.375 0.15555555555555556
0 0.2263888888888889 0.7679012345679013 0.3027777777777778 0.25679012345679014
1 0.07708333333333334 0.6395061728395062 0.1513888888888889 0.23703703703703705
0 0.2555555555555556 0.3074074074074074 0.1638888888888889 0.254320987654321
0 0.2555555555555556 0.3962962962962963 0.17500000000000002 0.21975308641975308
1 0.3506944444444445 0.5888888888888889 0.1902777777777778 0.2641975308641975
0 0.4131944444444445 0.4580246913580247 0.16805555555555557 0.19012345679012346
0 0.48888888888888893 0.32222222222222224 0.14722222222222223 0.16049382716049382
1 0.6680555555555556 0.4493827160493827 0.1638888888888889 0.2222222222222222
1 0.7555555555555555 0.5777777777777777 0.1527777777777778 0.18271604938271604
1 0.71875 0.7358024691358025 0.18472222222222223 0.2765432098765432
0 0.9027777777777778 0.6234567901234568 0.18611111111111112 0.2345679012345679
2 0.7944444444444445 0.2518518518518518 0.11944444444444445 0.13333333333333333
0 0.7243055555555555 0.22469135802469134 0.13194444444444445 0.23209876543209876
2 0.8618055555555556 0.17407407407407408 0.12361111111111112 0.15555555555555556
1 0.49444444444444446 0.12839506172839507 0.06944444444444445 0.09876543209876543
1 0.6687500000000001 0.07654320987654321 0.08750000000000001 0.12345679012345678
0 0.375 0.18641975308641975 0.09444444444444444 0.1308641975308642
0 0.5180555555555556 0.21728395061728395 0.08888888888888889 0.12839506172839507
0 0.6263888888888889 0.17407407407407408 0.10833333333333334 0.14074074074074075
1 0.9423611111111111 0.2765432098765432 0.11527777777777778 0.20246913580246914
2 0.9743055555555556 0.9345679012345679 0.051388888888888894 0.1308641975308642
2 0.5354166666666667 0.044444444444444446 0.05416666666666667 0.08395061728395062
