0 0.9173611111111112 0.7888888888888889 0.16527777777777777 0.20493827160493827
0 0.5159722222222223 0.3962962962962963 0.1513888888888889 0.13580246913580246
0 0.5944444444444444 0.6271604938271604 0.125 0.2962962962962963
0 0.5055555555555555 0.7246913580246913 0.1527777777777778 0.25925925925925924
0 0.31180555555555556 0.8765432098765432 0.09305555555555556 0.23703703703703705
0 0.7173611111111111 0.8987654320987654 0.23750000000000002 0.20246913580246914
0 0.8805555555555555 0.6024691358024691 0.23055555555555557 0.1876543209876543
1 0.7826388888888889 0.454320987654321 0.16527777777777777 0.20246913580246914
0 0.8583333333333334 0.22469135802469134 0.15 0.23209876543209876
0 0.8930555555555556 0.3037037037037037 0.1527777777777778 0.17777777777777778
0 0.6791666666666667 0.6098765432098765 0.125 0.2716049382716049
0 0.4013888888888889 0.8827160493827161 0.14166666666666666 0.2345679012345679
0 0.5229166666666667 0.8987654320987654 0.1763888888888889 0.20246913580246914
0 0.7486111111111111 0.5333333333333333 0.14722222222222223 0.2074074074074074
