0 0.3388888888888889 0.7666666666666666 0.3527777777777778 0.18518518518518517
0 0.29930555555555555 0.5814814814814815 0.28194444444444444 0.22962962962962963
1 0.15416666666666667 0.4604938271604938 0.15555555555555556 0.21975308641975308
0 0.36180555555555555 0.1691358024691358 0.22916666666666669 0.254320987654321
0 0.3458333333333333 0.28641975308641976 0.17222222222222222 0.21234567901234566
0 0.06944444444444445 0.6506172839506172 0.08888888888888889 0.25925925925925924
1 0.4152777777777778 0.4345679012345679 0.15833333333333333 0.2271604938271605
0 0.49097222222222225 0.3098765432098765 0.1625 0.19012345679012346
1 0.8173611111111111 0.4037037037037037 0.15416666666666667 0.18024691358024691
1 0.7645833333333334 0.5617283950617283 0.20694444444444446 0.24938271604938272
1 0.7090277777777778 0.2938271604938272 0.15416666666666667 0.24691358024691357
0 0.9354166666666667 0.44320987654320987 0.12916666666666668 0.21975308641975308
0 0.45069444444444445 0.9641975308641975 0.07916666666666666 0.07160493827160494
0 0.7791666666666667 0.09876543209876543 0.16111111111111112 0.1925925925925926
2 0.8486111111111111 0.13209876543209875 0.08611111111111111 0.12098765432098765
2 0.925 0.07530864197530864 0.1277777777777778 0.13580246913580246
0 0.5381944444444444 0.11975308641975309 0.10694444444444445 0.18024691358024691
0 0.12361111111111112 0.5740740740740741 0.10277777777777779 0.1654320987654321
0 0.6736111111111112 0.08395061728395062 0.11666666666666667 0.12345679012345678
1 0.9569444444444445 0.16296296296296295 0.08611111111111111 0.16790123456790124
