0 0.3652777777777778 0.7333333333333333 0.37777777777777777 0.1925925925925926
0 0.036111111111111115 0.4506172839506173 0.06944444444444445 0.10617283950617283
0 0.030555555555555558 0.6666666666666666 0.05555555555555556 0.21234567901234566
0 0.30972222222222223 0.5679012345679012 0.28055555555555556 0.2222222222222222
1 0.18680555555555556 0.4493827160493827 0.1513888888888889 0.21728395061728395
0 0.3493055555555556 0.17160493827160495 0.14583333333333334 0.19999999999999998
0 0.3611111111111111 0.28271604938271605 0.16944444444444445 0.20493827160493827
0 0.10694444444444445 0.6481481481481481 0.09166666666666667 0.25925925925925924
1 0.2881944444444445 0.10493827160493827 0.17083333333333334 0.18518518518518517
1 0.4618055555555556 0.42962962962962964 0.13194444444444445 0.23209876543209876
0 0.5118055555555556 0.29506172839506173 0.15972222222222224 0.19012345679012346
1 0.851388888888889 0.38641975308641974 0.1527777777777778 0.18024691358024691
1 0.7902777777777779 0.5345679012345679 0.18333333333333335 0.2641975308641975
1 0.7451388888888889 0.291358024691358 0.16805555555555557 0.2419753086419753
0 0.9437500000000001 0.437037037037037 0.1125 0.2222222222222222
0 0.7993055555555556 0.0962962962962963 0.14305555555555557 0.1876543209876543
2 0.9381944444444444 0.06666666666666667 0.12083333333333333 0.12839506172839507
1 0.9715277777777778 0.14938271604938272 0.05694444444444444 0.17037037037037037
0 0.46111111111111114 0.09259259259259259 0.13055555555555556 0.15061728395061727
0 0.5965277777777778 0.21481481481481482 0.10138888888888889 0.11358024691358025
0 0.5680555555555555 0.11728395061728394 0.11111111111111112 0.14074074074074075
0 0.7041666666666667 0.07530864197530864 0.11666666666666667 0.1111111111111111
