0 0.2826388888888889 0.8629629629629629 0.40694444444444444 0.22962962962962963
0 0.25069444444444444 0.6975308641975309 0.29583333333333334 0.24444444444444444
1 0.11041666666666668 0.5469135802469136 0.15694444444444444 0.22962962962962963
0 0.28402777777777777 0.2506172839506173 0.1625 0.24444444444444444
0 0.2868055555555556 0.3358024691358025 0.1763888888888889 0.21728395061728395
1 0.3791666666666667 0.5382716049382716 0.14722222222222223 0.23209876543209876
0 0.4388888888888889 0.38641975308641974 0.1638888888888889 0.19012345679012346
0 0.5027777777777778 0.2765432098765432 0.15 0.14320987654320988
1 0.7833333333333333 0.4666666666666667 0.1527777777777778 0.18271604938271604
1 0.7229166666666667 0.6308641975308642 0.16805555555555557 0.27901234567901234
0 0.9104166666666667 0.5333333333333333 0.1736111111111111 0.23703703703703705
2 0.8027777777777778 0.18518518518518517 0.11944444444444445 0.11851851851851852
0 0.7340277777777778 0.16790123456790124 0.12916666666666668 0.21728395061728395
2 0.875 0.11234567901234567 0.125 0.1308641975308642
1 0.6854166666666667 0.3654320987654321 0.15972222222222224 0.24691358024691357
1 0.9409722222222222 0.22469135802469134 0.11805555555555557 0.1876543209876543
0 0.41111111111111115 0.1567901234567901 0.09722222222222222 0.10123456790123457
1 0.5048611111111111 0.09506172839506173 0.0763888888888889 0.10617283950617283
