0 0.22569444444444445 0.9259259259259259 0.3763888888888889 0.14814814814814814
0 0.16805555555555557 0.7925925925925926 0.3027777777777778 0.25679012345679014
0 0.22430555555555556 0.28518518518518515 0.16527777777777777 0.27901234567901234
0 0.23333333333333334 0.39012345679012345 0.17500000000000002 0.21728395061728395
1 0.3138888888888889 0.6234567901234568 0.18611111111111112 0.2641975308641975
0 0.39305555555555555 0.47777777777777775 0.16944444444444445 0.20987654320987653
0 0.41805555555555557 0.39999999999999997 0.1527777777777778 0.12345679012345678
0 0.4708333333333333 0.3296296296296296 0.14722222222222223 0.16049382716049382
1 0.6479166666666667 0.4506172839506173 0.15972222222222224 0.254320987654321
1 0.7319444444444445 0.5950617283950617 0.1527777777777778 0.18271604938271604
1 0.6881944444444444 0.7728395061728395 0.2013888888888889 0.30123456790123454
0 0.8944444444444445 0.7037037037037037 0.2111111111111111 0.32098765432098764
2 0.7756944444444445 0.26666666666666666 0.11805555555555557 0.13333333333333333
0 0.7166666666666667 0.2506172839506173 0.13055555555555556 0.2345679012345679
2 0.8430555555555556 0.19999999999999998 0.12222222222222223 0.16296296296296295
0 0.3763888888888889 0.15555555555555556 0.11388888888888889 0.1580246913580247
0 0.4965277777777778 0.21358024691358024 0.07916666666666666 0.11604938271604938
1 0.6479166666666667 0.08395061728395062 0.07916666666666666 0.12345679012345678
1 0.7020833333333334 0.1345679012345679 0.07083333333333333 0.1259259259259259
1 0.8833333333333334 0.1037037037037037 0.09166666666666667 0.11851851851851852
1 0.9291666666666667 0.31234567901234567 0.14166666666666666 0.17530864197530863
2 0.9534722222222223 0.4148148148148148 0.09305555555555556 0.13333333333333333
1 0.0763888888888889 0.6395061728395062 0.15 0.2617283950617284
1 0.4798611111111111 0.10740740740740741 0.08194444444444444 0.13580246913580246
0 0.6083333333333334 0.17160493827160495 0.10277777777777779 0.16049382716049382
2 0.9597222222222223 0.9629629629629629 0.06944444444444445 0.07407407407407407
2 0.525 0.03333333333333333 0.05555555555555556 0.06172839506172839
1 0.75625 0.0728395061728395 0.07916666666666666 0.10123456790123457
