0 0.6791666666666667 0.6888888888888889 0.325 0.1876543209876543
0 0.275 0.3851851851851852 0.14722222222222223 0.1382716049382716
0 0.27569444444444446 0.6012345679012345 0.20416666666666666 0.35802469135802467
0 0.40069444444444446 0.8987654320987654 0.34305555555555556 0.20246913580246914
0 0.607638888888889 0.5419753086419753 0.2652777777777778 0.20987654320987653
1 0.48680555555555555 0.3987654320987654 0.14305555555555557 0.20493827160493827
0 0.5805555555555556 0.14074074074074075 0.1277777777777778 0.17777777777777778
0 0.6027777777777777 0.23333333333333334 0.15555555555555556 0.18518518518518517
0 0.4041666666666667 0.5493827160493827 0.08333333333333334 0.2691358024691358
1 0.7277777777777779 0.41358024691358025 0.12222222222222223 0.21975308641975308
0 0.7993055555555556 0.31851851851851853 0.1763888888888889 0.1925925925925926
0 0.08819444444444445 0.8802469135802469 0.15416666666666667 0.22469135802469134
0 0.8097222222222222 0.9407407407407408 0.14166666666666666 0.11851851851851852
0 0.25416666666666665 0.8617283950617284 0.225 0.21234567901234566
0 0.8277777777777778 0.14074074074074075 0.11388888888888889 0.1728395061728395
0 0.7208333333333333 0.07160493827160494 0.14166666666666666 0.11358024691358025
1 0.9777777777777779 0.3345679012345679 0.044444444444444446 0.17037037037037037
