0 0.49375 0.7123456790123457 0.32916666666666666 0.19506172839506172
0 0.10694444444444445 0.41975308641975306 0.18333333333333335 0.16790123456790124
0 0.09791666666666667 0.6481481481481481 0.19305555555555556 0.34814814814814815
0 0.18611111111111112 0.9604938271604938 0.36944444444444446 0.07901234567901234
0 0.44027777777777777 0.5506172839506173 0.2638888888888889 0.21234567901234566
1 0.3180555555555556 0.4185185185185185 0.14722222222222223 0.20987654320987653
0 0.44375000000000003 0.16790123456790124 0.12916666666666668 0.1728395061728395
0 0.4513888888888889 0.2506172839506173 0.1638888888888889 0.19012345679012346
0 0.2326388888888889 0.5938271604938271 0.08750000000000001 0.2641975308641975
1 0.5645833333333333 0.4246913580246913 0.11805555555555557 0.2271604938271605
0 0.6263888888888889 0.29506172839506173 0.1527777777777778 0.19012345679012346
0 0.13611111111111113 0.7765432098765432 0.14444444444444446 0.14074074074074075
0 0.5902777777777778 0.9345679012345679 0.1277777777777778 0.1308641975308642
1 0.8604166666666667 0.2962962962962963 0.1736111111111111 0.2419753086419753
1 0.9152777777777779 0.5604938271604938 0.16944444444444445 0.2716049382716049
1 0.9604166666666667 0.39753086419753086 0.07916666666666666 0.14814814814814814
0 0.9305555555555556 0.09382716049382715 0.13333333333333333 0.18271604938271604
0 0.6777777777777778 0.12345679012345678 0.10833333333333334 0.11358024691358025
0 0.1375 0.8864197530864197 0.27222222222222225 0.12345679012345678
0 0.5479166666666667 0.08395061728395062 0.11805555555555557 0.13333333333333333
0 0.7979166666666667 0.08518518518518518 0.11527777777777778 0.12098765432098765
