0 0.2729166666666667 0.8851851851851852 0.37083333333333335 0.22962962962962963
0 0.23958333333333334 0.7209876543209877 0.2986111111111111 0.24691358024691357
1 0.10069444444444445 0.5691358024691358 0.19861111111111113 0.22962962962962963
0 0.2777777777777778 0.2641975308641975 0.1638888888888889 0.2518518518518518
0 0.2826388888888889 0.3493827160493827 0.1763888888888889 0.21975308641975308
1 0.3666666666666667 0.5506172839506173 0.17222222222222222 0.24691358024691357
0 0.45416666666666666 0.41604938271604935 0.1638888888888889 0.19012345679012346
0 0.5055555555555555 0.2802469135802469 0.15 0.145679012345679
1 0.7763888888888889 0.48641975308641977 0.1527777777777778 0.18271604938271604
1 0.7222222222222222 0.6567901234567901 0.20555555555555557 0.2765432098765432
0 0.9131944444444445 0.5666666666666667 0.1736111111111111 0.2345679012345679
2 0.7993055555555556 0.20617283950617282 0.11805555555555557 0.13580246913580246
0 0.7215277777777778 0.19382716049382714 0.12916666666666668 0.2345679012345679
2 0.8659722222222223 0.1382716049382716 0.12361111111111112 0.1382716049382716
1 0.6763888888888889 0.3765432098765432 0.1638888888888889 0.24938271604938272
1 0.9340277777777778 0.2345679012345679 0.13194444444444445 0.1728395061728395
2 0.9791666666666667 0.8814814814814814 0.04166666666666667 0.2222222222222222
0 0.40347222222222223 0.15555555555555556 0.09583333333333334 0.12839506172839507
1 0.6763888888888889 0.05925925925925926 0.09444444444444444 0.1037037037037037
1 0.71875 0.10246913580246914 0.06805555555555556 0.1259259259259259
1 0.7826388888888889 0.05802469135802469 0.0763888888888889 0.1111111111111111
0 0.5215277777777778 0.18395061728395062 0.08194444444444444 0.1308641975308642
0 0.6284722222222222 0.145679012345679 0.10972222222222222 0.13333333333333333
1 0.4965277777777778 0.1037037037037037 0.07361111111111111 0.11851851851851852
