0 0.8861111111111112 0.7728395061728395 0.22777777777777777 0.19753086419753085
0 0.4798611111111111 0.38641975308641974 0.15694444444444444 0.12098765432098765
0 0.5416666666666667 0.5938271604938271 0.14722222222222223 0.2839506172839506
0 0.4430555555555556 0.7061728395061728 0.14166666666666666 0.26666666666666666
0 0.2826388888888889 0.9518518518518518 0.08472222222222223 0.08641975308641975
0 0.7076388888888889 0.8938271604938272 0.3375 0.21234567901234566
0 0.8659722222222223 0.5790123456790124 0.26805555555555555 0.20493827160493827
1 0.7305555555555556 0.42962962962962964 0.14166666666666666 0.19753086419753085
0 0.8229166666666667 0.19012345679012346 0.1736111111111111 0.21728395061728395
0 0.8604166666666667 0.2716049382716049 0.15416666666666667 0.17777777777777778
0 0.6319444444444444 0.5790123456790124 0.125 0.2740740740740741
0 0.31319444444444444 0.865432098765432 0.14305555555555557 0.2345679012345679
0 0.46944444444444444 0.8814814814814814 0.1527777777777778 0.21728395061728395
0 0.7000000000000001 0.5185185185185185 0.13611111111111113 0.2074074074074074
1 0.9666666666666667 0.44814814814814813 0.06666666666666667 0.18518518518518517
