0 0.09444444444444444 0.4222222222222222 0.18333333333333335 0.3308641975308642
0 0.11805555555555557 0.5765432098765432 0.21944444444444444 0.3432098765432099
1 0.07152777777777779 0.35802469135802467 0.11805555555555557 0.26666666666666666
1 0.23680555555555557 0.8567901234567901 0.2625 0.28641975308641976
0 0.31736111111111115 0.6580246913580247 0.2513888888888889 0.24938271604938272
0 0.3576388888888889 0.5333333333333333 0.1513888888888889 0.12345679012345678
0 0.3902777777777778 0.4246913580246913 0.18055555555555555 0.2271604938271605
1 0.6006944444444444 0.5666666666666667 0.2013888888888889 0.3234567901234568
1 0.7402777777777778 0.7012345679012345 0.1527777777777778 0.2222222222222222
1 0.6875 0.8950617283950617 0.2388888888888889 0.20987654320987653
0 0.8895833333333334 0.7777777777777778 0.22083333333333335 0.2617283950617284
1 0.8791666666666667 0.32469135802469135 0.16944444444444445 0.21481481481481482
2 0.2715277777777778 0.4493827160493827 0.12361111111111112 0.20246913580246914
2 0.7166666666666667 0.30123456790123454 0.11944444444444445 0.13333333333333333
0 0.6284722222222222 0.2641975308641975 0.1486111111111111 0.23209876543209876
2 0.7819444444444444 0.1925925925925926 0.12222222222222223 0.16296296296296295
2 0.9298611111111111 0.42098765432098767 0.14027777777777778 0.19012345679012346
0 0.26805555555555555 0.2419753086419753 0.11388888888888889 0.1728395061728395
0 0.40694444444444444 0.26666666666666666 0.08055555555555556 0.14320987654320988
1 0.37083333333333335 0.16049382716049382 0.075 0.1037037037037037
2 0.40555555555555556 0.06049382716049383 0.09444444444444444 0.10123456790123457
1 0.5659722222222222 0.08641975308641975 0.09583333333333334 0.12345679012345678
1 0.6756944444444445 0.0691358024691358 0.09027777777777778 0.13333333333333333
1 0.7930555555555556 0.09753086419753086 0.125 0.1308641975308642
0 0.5256944444444445 0.2074074074074074 0.12083333333333333 0.1382716049382716
