0 0.07152777777777779 0.5592592592592592 0.14027777777777778 0.437037037037037
0 0.10277777777777779 0.7469135802469136 0.20277777777777778 0.5061728395061729
0 0.4083333333333333 0.908641975308642 0.2916666666666667 0.1728395061728395
0 0.39166666666666666 0.7666666666666666 0.33611111111111114 0.21481481481481482
0 0.44930555555555557 0.5209876543209876 0.21805555555555556 0.2617283950617284
1 0.74375 0.7296296296296296 0.2513888888888889 0.4271604938271605
1 0.9125000000000001 0.8851851851851852 0.17500000000000002 0.22962962962962963
2 0.2881944444444445 0.5987654320987654 0.16805555555555557 0.2740740740740741
2 0.7868055555555555 0.36666666666666664 0.11805555555555557 0.1654320987654321
0 0.7083333333333334 0.3419753086419753 0.14722222222222223 0.29876543209876544
2 0.8319444444444445 0.24938271604938272 0.13055555555555556 0.21728395061728395
0 0.21805555555555556 0.2938271604938272 0.14444444444444446 0.2419753086419753
0 0.4375 0.35185185185185186 0.10555555555555556 0.22962962962962963
1 0.35555555555555557 0.1925925925925926 0.11944444444444445 0.17777777777777778
0 0.5756944444444445 0.28271604938271605 0.18194444444444446 0.20493827160493827
1 0.5958333333333333 0.10987654320987654 0.10833333333333334 0.17037037037037037
2 0.37430555555555556 0.0728395061728395 0.10972222222222222 0.14074074074074075
1 0.9368055555555556 0.4037037037037037 0.12638888888888888 0.24938271604938272
1 0.8361111111111111 0.1308641975308642 0.1 0.13333333333333333
1 0.6756944444444445 0.20864197530864198 0.10138888888888889 0.145679012345679
1 0.7006944444444445 0.08765432098765431 0.1125 0.17037037037037037
0 0.16041666666666668 0.05555555555555555 0.3180555555555556 0.10617283950617283
1 0.043055555555555555 0.3530864197530864 0.08333333333333334 0.24691358024691357
0 0.08125 0.21975308641975308 0.15972222222222224 0.2518518518518518
