0 0.08125 0.47901234567901235 0.15972222222222224 0.5185185185185185
0 0.11597222222222223 0.7259259259259259 0.22916666666666669 0.5481481481481482
1 0.058333333333333334 0.3765432098765432 0.11388888888888889 0.34814814814814815
0 0.4104166666666667 0.8864197530864197 0.3763888888888889 0.2271604938271605
0 0.38819444444444445 0.7123456790123457 0.3180555555555556 0.24938271604938272
0 0.45555555555555555 0.5135802469135803 0.20833333333333334 0.2222222222222222
1 0.7284722222222223 0.7111111111111111 0.23750000000000002 0.3851851851851852
1 0.9027777777777778 0.8691358024691358 0.19444444444444445 0.2617283950617284
2 0.29791666666666666 0.5382716049382716 0.14583333333333334 0.2518518518518518
2 0.7937500000000001 0.3592592592592593 0.1125 0.15555555555555556
0 0.7090277777777778 0.3493827160493827 0.16805555555555557 0.2839506172839506
2 0.8506944444444445 0.23580246913580247 0.13194444444444445 0.21481481481481482
0 0.24166666666666667 0.2765432098765432 0.14444444444444446 0.2419753086419753
0 0.4444444444444445 0.32469135802469135 0.08888888888888889 0.19012345679012346
1 0.3763888888888889 0.17777777777777778 0.09166666666666667 0.12345679012345678
0 0.5833333333333334 0.23703703703703705 0.15555555555555556 0.1728395061728395
1 0.6166666666666667 0.11234567901234567 0.10833333333333334 0.17037037037037037
2 0.40069444444444446 0.05925925925925926 0.09305555555555556 0.11358024691358025
0 0.10902777777777778 0.17777777777777778 0.13194444444444445 0.21234567901234566
1 0.9472222222222223 0.391358024691358 0.10555555555555556 0.21975308641975308
1 0.7180555555555556 0.07037037037037037 0.10555555555555556 0.13580246913580246
1 0.6840277777777778 0.2111111111111111 0.08194444444444444 0.1654320987654321
1 0.8555555555555556 0.11851851851851852 0.12222222222222223 0.15308641975308643
