0 0.07152777777777779 0.4246913580246913 0.13194444444444445 0.47901234567901235
0 0.1 0.7148148148148148 0.19722222222222224 0.4765432098765432
1 0.043750000000000004 0.27037037037037037 0.08472222222222223 0.2740740740740741
0 0.3625 0.8864197530864197 0.35555555555555557 0.2271604938271605
0 0.3729166666666667 0.7135802469135802 0.3541666666666667 0.21234567901234566
0 0.44722222222222224 0.4962962962962963 0.2388888888888889 0.2814814814814815
1 0.7381944444444445 0.7 0.23750000000000002 0.4271604938271605
1 0.9090277777777778 0.8604938271604938 0.18194444444444446 0.27901234567901234
2 0.28055555555555556 0.5234567901234568 0.16944444444444445 0.2716049382716049
2 0.7993055555555556 0.345679012345679 0.12083333333333333 0.15308641975308643
0 0.7090277777777778 0.3197530864197531 0.1375 0.28888888888888886
2 0.8319444444444445 0.2185185185185185 0.13055555555555556 0.21481481481481482
0 0.2215277777777778 0.2345679012345679 0.14305555555555557 0.2419753086419753
0 0.4375 0.2777777777777778 0.11666666666666667 0.24938271604938272
1 0.35555555555555557 0.1469135802469136 0.09722222222222222 0.13580246913580246
0 0.5729166666666667 0.20864197530864198 0.15416666666666667 0.18024691358024691
1 0.6020833333333333 0.09012345679012346 0.10972222222222222 0.17037037037037037
2 0.3791666666666667 0.044444444444444446 0.09166666666666667 0.08395061728395062
0 0.07569444444444445 0.16419753086419753 0.13194444444444445 0.20987654320987653
1 0.6951388888888889 0.1691358024691358 0.10138888888888889 0.19012345679012346
1 0.8451388888888889 0.09876543209876543 0.11805555555555557 0.13333333333333333
1 0.9326388888888889 0.41604938271604935 0.13472222222222222 0.3234567901234568
1 0.7125 0.06172839506172839 0.12222222222222223 0.11851851851851852
