0 0.11041666666666668 0.42962962962962964 0.20416666666666666 0.3802469135802469
0 0.14166666666666666 0.5641975308641975 0.225 0.34814814814814815
1 0.05555555555555556 0.35061728395061725 0.10833333333333334 0.26666666666666666
1 0.3055555555555556 0.8592592592592593 0.23611111111111113 0.2617283950617284
0 0.36319444444444443 0.6444444444444445 0.19861111111111113 0.1925925925925926
0 0.4041666666666667 0.5395061728395062 0.15833333333333333 0.1308641975308642
0 0.4215277777777778 0.42098765432098767 0.18472222222222223 0.22469135802469134
1 0.6472222222222223 0.5604938271604938 0.20277777777777778 0.3160493827160494
1 0.7881944444444444 0.7037037037037037 0.15416666666666667 0.2222222222222222
1 0.7423611111111111 0.891358024691358 0.1902777777777778 0.2074074074074074
0 0.9152777777777779 0.7333333333333333 0.14722222222222223 0.2617283950617284
1 0.9243055555555556 0.3308641975308642 0.14583333333333334 0.21234567901234566
2 0.30347222222222225 0.45185185185185184 0.12361111111111112 0.20246913580246914
2 0.7604166666666667 0.291358024691358 0.11805555555555557 0.13333333333333333
0 0.6680555555555556 0.2679012345679012 0.14722222222222223 0.2345679012345679
2 0.8104166666666667 0.18518518518518517 0.11805555555555557 0.1728395061728395
2 0.9618055555555556 0.4444444444444444 0.06805555555555556 0.14320987654320988
0 0.28055555555555556 0.2222222222222222 0.11111111111111112 0.1728395061728395
0 0.43333333333333335 0.2728395061728395 0.09166666666666667 0.14074074074074075
1 0.39166666666666666 0.16049382716049382 0.075 0.1037037037037037
2 0.42430555555555555 0.06172839506172839 0.09305555555555556 0.11851851851851852
1 0.5965277777777778 0.0962962962962963 0.09861111111111112 0.16296296296296295
1 0.6611111111111111 0.15061728395061727 0.09444444444444444 0.1382716049382716
1 0.7006944444444445 0.06419753086419754 0.08750000000000001 0.12345679012345678
1 0.8368055555555556 0.08518518518518518 0.10694444444444445 0.14074074074074075
0 0.5506944444444445 0.19999999999999998 0.1375 0.17777777777777778
