0 0.11319444444444444 0.8987654320987654 0.22361111111111112 0.1876543209876543
0 0.10555555555555556 0.35555555555555557 0.19722222222222224 0.3259259259259259
0 0.1277777777777778 0.4666666666666667 0.2 0.345679012345679
1 0.07708333333333334 0.2604938271604938 0.1513888888888889 0.21975308641975308
1 0.21319444444444446 0.7382716049382716 0.18194444444444446 0.291358024691358
0 0.2972222222222222 0.5592592592592592 0.16111111111111112 0.20493827160493827
0 0.31527777777777777 0.4469135802469136 0.1527777777777778 0.12345679012345678
0 0.37083333333333335 0.36790123456790125 0.1638888888888889 0.19753086419753085
1 0.5590277777777778 0.48148148148148145 0.1763888888888889 0.2765432098765432
1 0.6534722222222222 0.6246913580246913 0.1513888888888889 0.21728395061728395
1 0.607638888888889 0.8345679012345679 0.18194444444444446 0.2814814814814815
0 0.8527777777777779 0.7049382716049383 0.23611111111111113 0.25925925925925924
1 0.826388888888889 0.3037037037037037 0.16111111111111112 0.21234567901234566
2 0.7006944444444445 0.27901234567901234 0.11805555555555557 0.13333333333333333
0 0.6069444444444445 0.24074074074074073 0.13055555555555556 0.2345679012345679
2 0.7652777777777778 0.19506172839506172 0.12222222222222223 0.16296296296296295
2 0.8784722222222222 0.39753086419753086 0.1375 0.15308641975308643
0 0.25416666666666665 0.21234567901234566 0.11666666666666667 0.12345679012345678
0 0.39166666666666666 0.22962962962962963 0.08055555555555556 0.14320987654320988
1 0.3666666666666667 0.14320987654320988 0.075 0.1037037037037037
1 0.7819444444444444 0.09382716049382715 0.09166666666666667 0.11851851851851852
1 0.5479166666666667 0.08518518518518518 0.08750000000000001 0.13580246913580246
1 0.607638888888889 0.13580246913580246 0.09861111111111112 0.1382716049382716
1 0.9486111111111112 0.8518518518518519 0.10277777777777779 0.2617283950617284
2 0.9381944444444444 0.5864197530864197 0.12361111111111112 0.19012345679012346
0 0.5201388888888889 0.18888888888888888 0.11527777777777778 0.145679012345679
2 0.4173611111111111 0.04074074074074074 0.06805555555555556 0.07654320987654321
