0 0.13819444444444445 0.8493827160493826 0.26805555555555555 0.23209876543209876
0 0.17152777777777778 0.2938271604938272 0.1902777777777778 0.28641975308641976
0 0.18055555555555555 0.4049382716049383 0.19722222222222224 0.2617283950617284
1 0.26805555555555555 0.6765432098765432 0.18888888888888888 0.2716049382716049
0 0.3368055555555556 0.508641975308642 0.1513888888888889 0.20246913580246914
0 0.3666666666666667 0.41728395061728396 0.1527777777777778 0.12345679012345678
0 0.41805555555555557 0.34814814814814815 0.15833333333333333 0.1876543209876543
1 0.5979166666666667 0.4901234567901234 0.16805555555555557 0.254320987654321
1 0.6916666666666667 0.619753086419753 0.1527777777777778 0.18271604938271604
1 0.6465277777777778 0.8012345679012346 0.20694444444444446 0.31851851851851853
0 0.8680555555555556 0.7024691358024692 0.20555555555555557 0.2691358024691358
1 0.8819444444444445 0.3148148148148148 0.16944444444444445 0.21975308641975308
2 0.7305555555555556 0.2765432098765432 0.11944444444444445 0.13333333333333333
0 0.6541666666666667 0.2506172839506173 0.13055555555555556 0.2345679012345679
2 0.8041666666666667 0.19999999999999998 0.12222222222222223 0.16296296296296295
0 0.3027777777777778 0.18518518518518517 0.11666666666666667 0.11851851851851852
0 0.4569444444444445 0.19876543209876543 0.08055555555555556 0.145679012345679
1 0.4152777777777778 0.10740740740740741 0.075 0.10123456790123457
1 0.044444444444444446 0.7308641975308642 0.08611111111111111 0.23703703703703705
1 0.9631944444444445 0.891358024691358 0.07361111111111111 0.21234567901234566
2 0.9305555555555556 0.41604938271604935 0.1388888888888889 0.145679012345679
1 0.625 0.1037037037037037 0.10277777777777779 0.15308641975308643
1 0.7097222222222223 0.06419753086419754 0.09166666666666667 0.12345679012345678
1 0.8381944444444445 0.10246913580246914 0.1125 0.1259259259259259
0 0.5673611111111111 0.17777777777777778 0.10416666666666667 0.14814814814814814
