0 0.10625 0.9444444444444444 0.20972222222222223 0.10123456790123457
0 0.09583333333333334 0.3753086419753086 0.18333333333333335 0.30617283950617286
0 0.10972222222222222 0.5098765432098765 0.21666666666666667 0.3432098765432099
1 0.06944444444444445 0.30123456790123454 0.13611111111111113 0.2222222222222222
1 0.20694444444444446 0.7802469135802469 0.20833333333333334 0.3111111111111111
0 0.29305555555555557 0.5938271604938271 0.18611111111111112 0.19999999999999998
0 0.3263888888888889 0.4888888888888889 0.1638888888888889 0.13333333333333333
0 0.37222222222222223 0.3876543209876543 0.1638888888888889 0.19753086419753085
1 0.5694444444444444 0.5382716049382716 0.16944444444444445 0.2617283950617284
1 0.6708333333333334 0.6604938271604938 0.1527777777777778 0.22469135802469134
1 0.6291666666666667 0.865432098765432 0.19722222222222224 0.2691358024691358
0 0.8583333333333334 0.7197530864197531 0.2638888888888889 0.2839506172839506
1 0.8555555555555556 0.32469135802469135 0.16944444444444445 0.21481481481481482
2 0.25833333333333336 0.3962962962962963 0.11388888888888889 0.17530864197530863
2 0.6930555555555555 0.27901234567901234 0.11944444444444445 0.13333333333333333
0 0.6152777777777778 0.24814814814814815 0.13055555555555556 0.2345679012345679
2 0.7583333333333334 0.18518518518518517 0.12222222222222223 0.16296296296296295
2 0.9055555555555556 0.41728395061728396 0.13611111111111113 0.15308641975308643
0 0.25416666666666665 0.22839506172839505 0.11666666666666667 0.15061728395061727
0 0.39166666666666666 0.2419753086419753 0.08055555555555556 0.14320987654320988
1 0.3597222222222222 0.145679012345679 0.075 0.1037037037037037
1 0.5534722222222223 0.08271604938271605 0.09861111111111112 0.145679012345679
1 0.6006944444444444 0.14320987654320988 0.08750000000000001 0.11851851851851852
1 0.6611111111111111 0.06172839506172839 0.08055555555555556 0.11851851851851852
1 0.7777777777777778 0.09753086419753086 0.09166666666666667 0.1308641975308642
2 0.40694444444444444 0.04938271604938271 0.08055555555555556 0.09382716049382715
