0 0.11805555555555557 0.5185185185185185 0.2138888888888889 0.5185185185185185
0 0.16180555555555556 0.674074074074074 0.24861111111111112 0.49382716049382713
1 0.06527777777777778 0.42098765432098767 0.1277777777777778 0.31851851851851853
1 0.4138888888888889 0.9308641975308641 0.21666666666666667 0.1382716049382716
0 0.4354166666666667 0.6604938271604938 0.28750000000000003 0.20493827160493827
0 0.4930555555555556 0.5061728395061729 0.19444444444444445 0.2222222222222222
1 0.7520833333333333 0.6777777777777778 0.2152777777777778 0.39753086419753086
1 0.9236111111111112 0.7975308641975308 0.1527777777777778 0.2222222222222222
1 0.8979166666666667 0.9246913580246914 0.20416666666666666 0.15061728395061727
1 0.9506944444444445 0.4246913580246913 0.09861111111111112 0.23209876543209876
2 0.3402777777777778 0.5246913580246914 0.14166666666666666 0.2345679012345679
2 0.8229166666666667 0.35555555555555557 0.11805555555555557 0.16296296296296295
0 0.725 0.36049382716049383 0.10833333333333334 0.2222222222222222
2 0.8694444444444445 0.2419753086419753 0.13055555555555556 0.21728395061728395
0 0.3013888888888889 0.2765432098765432 0.11111111111111112 0.20246913580246914
0 0.48333333333333334 0.3197530864197531 0.08888888888888889 0.17530864197530863
1 0.40694444444444444 0.18518518518518517 0.10277777777777779 0.1382716049382716
0 0.607638888888889 0.24691358024691357 0.19305555555555556 0.19753086419753085
1 0.6444444444444445 0.11358024691358025 0.11111111111111112 0.15308641975308643
2 0.43680555555555556 0.06172839506172839 0.09305555555555556 0.11851851851851852
0 0.16944444444444445 0.19999999999999998 0.13055555555555556 0.20246913580246914
0 0.44375000000000003 0.8296296296296296 0.28750000000000003 0.2074074074074074
1 0.7069444444444445 0.19012345679012346 0.1 0.1728395061728395
1 0.7513888888888889 0.08148148148148147 0.08611111111111111 0.14320987654320988
1 0.8770833333333333 0.11728395061728394 0.12638888888888888 0.14074074074074075
