0 0.11319444444444444 0.42098765432098767 0.2125 0.39753086419753086
0 0.1590277777777778 0.5962962962962963 0.24861111111111112 0.41234567901234565
1 0.06736111111111111 0.35185185185185186 0.13194444444444445 0.28888888888888886
1 0.3402777777777778 0.8851851851851852 0.27222222222222225 0.22962962962962963
0 0.40555555555555556 0.7135802469135802 0.21666666666666667 0.21728395061728395
0 0.44027777777777777 0.562962962962963 0.16111111111111112 0.13333333333333333
0 0.4618055555555556 0.4246913580246913 0.19305555555555556 0.2222222222222222
1 0.7041666666666667 0.5901234567901235 0.2138888888888889 0.32098765432098764
1 0.8506944444444445 0.7308641975308642 0.15416666666666667 0.2222222222222222
1 0.8222222222222223 0.9160493827160494 0.2111111111111111 0.16790123456790124
0 0.9618055555555556 0.7444444444444445 0.06805555555555556 0.25925925925925924
1 0.9430555555555556 0.3135802469135802 0.10555555555555556 0.23209876543209876
2 0.32916666666666666 0.46543209876543207 0.13055555555555556 0.22469135802469134
2 0.7854166666666667 0.2938271604938272 0.11805555555555557 0.16296296296296295
0 0.6930555555555555 0.2777777777777778 0.14722222222222223 0.2345679012345679
2 0.8395833333333333 0.1876543209876543 0.11527777777777778 0.1728395061728395
2 0.9708333333333333 0.44814814814814813 0.04722222222222222 0.1111111111111111
0 0.29097222222222224 0.2382716049382716 0.12361111111111112 0.21975308641975308
0 0.4569444444444445 0.27901234567901234 0.09166666666666667 0.14320987654320988
1 0.4027777777777778 0.1469135802469136 0.10555555555555556 0.13580246913580246
0 0.5777777777777778 0.18024691358024691 0.15555555555555556 0.1728395061728395
1 0.6180555555555556 0.08024691358024691 0.11111111111111112 0.145679012345679
2 0.42430555555555555 0.06049382716049383 0.09305555555555556 0.11604938271604938
0 0.1701388888888889 0.15925925925925927 0.09305555555555556 0.145679012345679
1 0.8597222222222223 0.08024691358024691 0.11388888888888889 0.1259259259259259
1 0.7284722222222223 0.06172839506172839 0.08750000000000001 0.11851851851851852
