1 0.7895833333333334 0.7950617283950617 0.23750000000000002 0.3950617283950617
1 0.9361111111111111 0.9160493827160494 0.12222222222222223 0.16790123456790124
1 0.9486111111111112 0.4802469135802469 0.10277777777777779 0.3037037037037037
1 0.3680555555555556 0.2876543209876543 0.10277777777777779 0.15555555555555556
1 0.04930555555555556 0.5555555555555556 0.09583333333333334 0.3358024691358025
1 0.20694444444444446 0.2802469135802469 0.08888888888888889 0.13580246913580246
1 0.6013888888888889 0.19753086419753085 0.06944444444444445 0.14320987654320988
1 0.6854166666666667 0.2839506172839506 0.09027777777777778 0.16296296296296295
1 0.2569444444444445 0.03827160493827161 0.06944444444444445 0.07160493827160494
1 0.7097222222222223 0.1580246913580247 0.07777777777777778 0.11358024691358025
1 0.8291666666666667 0.1876543209876543 0.10555555555555556 0.14814814814814814
1 0.70625 0.05185185185185185 0.09583333333333334 0.09876543209876543
2 0.34861111111111115 0.7209876543209877 0.17500000000000002 0.28641975308641976
2 0.3861111111111111 0.1419753086419753 0.09722222222222222 0.15555555555555556
2 0.8090277777777778 0.4308641975308642 0.09861111111111112 0.15555555555555556
2 0.8423611111111111 0.3296296296296296 0.09861111111111112 0.15061728395061727
0 0.7222222222222222 0.43209876543209874 0.1 0.28641975308641976
0 0.5923611111111111 0.3493827160493827 0.20694444444444446 0.19506172839506172
0 0.5506944444444445 0.16666666666666666 0.12083333333333333 0.2345679012345679
0 0.043055555555555555 0.1271604938271605 0.08333333333333334 0.23950617283950618
0 0.21666666666666667 0.14938271604938272 0.24166666666666667 0.15555555555555556
0 0.46944444444444444 0.4271604938271605 0.10555555555555556 0.23209876543209876
0 0.49097222222222225 0.6358024691358024 0.26805555555555555 0.31851851851851853
0 0.44583333333333336 0.8617283950617284 0.34444444444444444 0.26666666666666666
0 0.4902777777777778 0.945679012345679 0.3 0.10864197530864197
0 0.15555555555555556 0.817283950617284 0.22777777777777777 0.3654320987654321
0 0.09444444444444444 0.7111111111111111 0.18611111111111112 0.5432098765432098
0 0.24375000000000002 0.4246913580246913 0.1513888888888889 0.32098765432098764
0 0.10138888888888889 0.3345679012345679 0.18611111111111112 0.27901234567901234
2 0.3826388888888889 0.46296296296296297 0.1125 0.21481481481481482
