2 0.37083333333333335 0.1876543209876543 0.09722222222222222 0.14320987654320988
2 0.8180555555555555 0.41728395061728396 0.12222222222222223 0.16296296296296295
2 0.4118055555555556 0.8160493827160493 0.16805555555555557 0.27901234567901234
2 0.8465277777777778 0.2962962962962963 0.10694444444444445 0.19753086419753085
0 0.5666666666666667 0.7049382716049383 0.24444444444444446 0.25925925925925924
0 0.5055555555555555 0.49382716049382713 0.11666666666666667 0.2271604938271605
0 0.5604166666666667 0.917283950617284 0.27083333333333337 0.15061728395061727
1 0.37430555555555556 0.3419753086419753 0.10416666666666667 0.15555555555555556
0 0.7590277777777779 0.43950617283950616 0.10694444444444445 0.2765432098765432
0 0.6055555555555556 0.3753086419753086 0.18333333333333335 0.17777777777777778
0 0.2743055555555556 0.4962962962962963 0.12916666666666668 0.3358024691358025
0 0.2715277777777778 0.8950617283950617 0.15694444444444444 0.20493827160493827
0 0.13680555555555557 0.7938271604938272 0.1902777777777778 0.4024691358024691
1 0.8604166666666667 0.7925925925925926 0.2263888888888889 0.3802469135802469
1 0.9416666666666667 0.4012345679012346 0.11388888888888889 0.25925925925925924
1 0.8083333333333333 0.1876543209876543 0.12222222222222223 0.1382716049382716
1 0.6993055555555556 0.2839506172839506 0.09305555555555556 0.18271604938271604
1 0.21319444444444446 0.34814814814814815 0.10972222222222222 0.16296296296296295
1 0.07569444444444445 0.7098765432098765 0.1486111111111111 0.3876543209876543
0 0.18819444444444444 0.21604938271604937 0.2763888888888889 0.19506172839506172
1 0.22569444444444445 0.07777777777777778 0.10138888888888889 0.1308641975308642
0 0.17916666666666667 0.4802469135802469 0.2111111111111111 0.19999999999999998
0 0.06944444444444445 0.41234567901234565 0.10277777777777779 0.1876543209876543
1 0.11805555555555557 0.16419753086419753 0.09722222222222222 0.1111111111111111
0 0.5375 0.1876543209876543 0.11944444444444445 0.23209876543209876
2 0.3701388888888889 0.07407407407407407 0.08750000000000001 0.10864197530864197
2 0.40694444444444444 0.5296296296296297 0.10833333333333334 0.18518518518518517
1 0.6013888888888889 0.19506172839506172 0.09166666666666667 0.14814814814814814
1 0.7034722222222223 0.1469135802469136 0.07916666666666666 0.12098765432098765
1 0.6611111111111111 0.08148148148148147 0.08333333333333334 0.1037037037037037
