2 0.3944444444444445 0.31234567901234567 0.11666666666666667 0.17530864197530863
2 0.9166666666666667 0.46296296296296297 0.11944444444444445 0.15555555555555556
2 0.5083333333333333 0.9259259259259259 0.17777777777777778 0.14320987654320988
2 0.9291666666666667 0.3333333333333333 0.10555555555555556 0.19753086419753085
0 0.6645833333333333 0.8691358024691358 0.27083333333333337 0.24691358024691357
0 0.5680555555555555 0.5962962962962963 0.20555555555555557 0.254320987654321
1 0.4131944444444445 0.4925925925925926 0.12638888888888888 0.19999999999999998
0 0.8340277777777778 0.5209876543209876 0.10694444444444445 0.2765432098765432
0 0.6555555555555556 0.4469135802469136 0.23611111111111113 0.19753086419753085
0 0.3236111111111111 0.7259259259259259 0.13611111111111113 0.28641975308641976
0 0.2263888888888889 0.8827160493827161 0.13611111111111113 0.21975308641975308
1 0.9506944444444445 0.8506172839506173 0.09583333333333334 0.2938271604938272
1 0.8618055555555556 0.20493827160493827 0.12083333333333333 0.1382716049382716
1 0.7493055555555556 0.345679012345679 0.10694444444444445 0.17777777777777778
1 0.23750000000000002 0.5567901234567901 0.125 0.19506172839506172
1 0.09166666666666667 0.8814814814814814 0.18055555555555555 0.23209876543209876
0 0.21180555555555555 0.38271604938271603 0.2763888888888889 0.19753086419753085
1 0.22916666666666669 0.2419753086419753 0.09722222222222222 0.16790123456790124
0 0.17222222222222222 0.7296296296296296 0.21666666666666667 0.22962962962962963
0 0.10277777777777779 0.611111111111111 0.125 0.22469135802469134
1 0.10833333333333334 0.337037037037037 0.09722222222222222 0.1111111111111111
0 0.56875 0.28641975308641976 0.1125 0.23703703703703705
2 0.13402777777777777 0.15555555555555556 0.09027777777777778 0.1382716049382716
2 0.3840277777777778 0.1876543209876543 0.08750000000000001 0.10864197530864197
2 0.5576388888888889 0.050617283950617285 0.10416666666666667 0.0962962962962963
1 0.22291666666666668 0.08024691358024691 0.06805555555555556 0.0962962962962963
2 0.4979166666666667 0.7148148148148148 0.1486111111111111 0.2345679012345679
1 0.42708333333333337 0.08395061728395062 0.0763888888888889 0.12345679012345678
1 0.7020833333333334 0.09876543209876543 0.0763888888888889 0.10864197530864197
1 0.7541666666666667 0.20617283950617282 0.08333333333333334 0.145679012345679
1 0.6590277777777778 0.29259259259259257 0.10972222222222222 0.19012345679012346
