2 0.40555555555555556 0.2345679012345679 0.09722222222222222 0.14320987654320988
2 0.882638888888889 0.42962962962962964 0.12083333333333333 0.16296296296296295
2 0.4701388888888889 0.8580246913580247 0.1763888888888889 0.254320987654321
2 0.8930555555555556 0.3037037037037037 0.10555555555555556 0.19753086419753085
0 0.6291666666666667 0.7728395061728395 0.2555555555555556 0.25679012345679014
0 0.5520833333333334 0.537037037037037 0.17916666666666667 0.2345679012345679
0 0.6458333333333334 0.9320987654320988 0.25 0.1259259259259259
1 0.4166666666666667 0.3888888888888889 0.10555555555555556 0.15555555555555556
0 0.8069444444444445 0.4740740740740741 0.10555555555555556 0.2765432098765432
0 0.6402777777777778 0.3802469135802469 0.20555555555555557 0.1728395061728395
0 0.3138888888888889 0.5925925925925926 0.11111111111111112 0.2716049382716049
0 0.3354166666666667 0.9222222222222222 0.15694444444444444 0.145679012345679
0 0.2125 0.8222222222222222 0.14166666666666666 0.345679012345679
1 0.9215277777777778 0.8135802469135802 0.15694444444444444 0.3728395061728395
1 0.8527777777777779 0.19506172839506172 0.12222222222222223 0.1382716049382716
1 0.7368055555555556 0.30246913580246915 0.09861111111111112 0.17037037037037037
1 0.2451388888888889 0.4049382716049383 0.10972222222222222 0.16296296296296295
1 0.08055555555555556 0.8567901234567901 0.15833333333333333 0.28641975308641976
0 0.21458333333333335 0.25925925925925924 0.2763888888888889 0.19753086419753085
1 0.2569444444444445 0.11851851851851852 0.1 0.1580246913580247
0 0.22013888888888888 0.5333333333333333 0.2013888888888889 0.2074074074074074
0 0.10208333333333333 0.48148148148148145 0.10138888888888889 0.1876543209876543
1 0.14305555555555557 0.2185185185185185 0.09722222222222222 0.1111111111111111
0 0.5743055555555556 0.20987654320987653 0.10138888888888889 0.2271604938271605
2 0.4131944444444445 0.09999999999999999 0.09861111111111112 0.12098765432098765
2 0.46805555555555556 0.5814814814814815 0.11388888888888889 0.20987654320987653
1 0.6555555555555556 0.23333333333333334 0.1 0.15555555555555556
1 0.7486111111111111 0.16666666666666666 0.08333333333333334 0.10617283950617283
1 0.6861111111111111 0.11604938271604938 0.07777777777777778 0.11851851851851852
1 0.7173611111111111 0.06049382716049383 0.08750000000000001 0.07654320987654321
1 0.11875000000000001 0.671604938271605 0.11805555555555557 0.1925925925925926
