2 0.40972222222222227 0.34814814814814815 0.11666666666666667 0.16790123456790124
2 0.9715277777777778 0.47777777777777775 0.05694444444444444 0.15061728395061727
2 0.5701388888888889 0.9716049382716049 0.1763888888888889 0.046913580246913576
2 0.9430555555555556 0.32222222222222224 0.10833333333333334 0.19012345679012346
0 0.7583333333333334 0.9049382716049382 0.31666666666666665 0.19012345679012346
0 0.6319444444444444 0.6876543209876543 0.2138888888888889 0.2740740740740741
1 0.4444444444444445 0.5185185185185185 0.125 0.21234567901234566
0 0.8993055555555556 0.5308641975308642 0.10694444444444445 0.2765432098765432
0 0.701388888888889 0.4765432098765432 0.2555555555555556 0.2074074074074074
0 0.3576388888888889 0.8037037037037037 0.13472222222222222 0.3876543209876543
0 0.2729166666666667 0.9493827160493827 0.11805555555555557 0.0962962962962963
1 0.8930555555555556 0.20864197530864198 0.13611111111111113 0.13580246913580246
1 0.7958333333333334 0.345679012345679 0.11666666666666667 0.20246913580246914
1 0.25069444444444444 0.5987654320987654 0.11805555555555557 0.19012345679012346
1 0.11666666666666667 0.9333333333333333 0.19722222222222224 0.13333333333333333
0 0.21458333333333335 0.437037037037037 0.2763888888888889 0.19753086419753085
1 0.22777777777777777 0.254320987654321 0.1 0.1580246913580247
0 0.25972222222222224 0.7567901234567901 0.2 0.28888888888888886
0 0.08402777777777778 0.7049382716049383 0.12916666666666668 0.2345679012345679
0 0.10694444444444445 0.5506172839506173 0.2111111111111111 0.10864197530864197
1 0.11666666666666667 0.38641975308641974 0.10833333333333334 0.1308641975308642
0 0.607638888888889 0.30246913580246915 0.12361111111111112 0.25925925925925924
2 0.12222222222222223 0.19382716049382714 0.09444444444444444 0.17037037037037037
2 0.3944444444444445 0.22469135802469134 0.1 0.12345679012345678
2 0.5743055555555556 0.04814814814814815 0.09305555555555556 0.09135802469135802
1 0.20486111111111113 0.08888888888888889 0.08194444444444444 0.12839506172839507
2 0.5465277777777778 0.7654320987654321 0.14305555555555557 0.24691358024691357
1 0.6916666666666667 0.3135802469135802 0.1 0.1728395061728395
1 0.7777777777777778 0.19999999999999998 0.09166666666666667 0.1382716049382716
1 0.7083333333333334 0.0962962962962963 0.08611111111111111 0.13333333333333333
1 0.43125 0.0728395061728395 0.09583333333333334 0.1308641975308642
