0 0.2263888888888889 0.8641975308641975 0.1388888888888889 0.2716049382716049
0 0.5208333333333334 0.7135802469135802 0.23611111111111113 0.3111111111111111
1 0.8208333333333334 0.8320987654320987 0.23055555555555557 0.3358024691358025
2 0.35555555555555557 0.7802469135802469 0.17500000000000002 0.3160493827160494
2 0.8222222222222223 0.48148148148148145 0.11944444444444445 0.16296296296296295
0 0.7347222222222223 0.46543209876543207 0.09722222222222222 0.28888888888888886
2 0.8493055555555555 0.35555555555555557 0.13194444444444445 0.21728395061728395
0 0.2604166666666667 0.5209876543209876 0.14305555555555557 0.2419753086419753
0 0.4902777777777778 0.5012345679012346 0.10277777777777779 0.2419753086419753
1 0.3805555555555556 0.3382716049382716 0.09722222222222222 0.13333333333333333
0 0.5965277777777778 0.3962962962962963 0.1513888888888889 0.19012345679012346
1 0.6277777777777778 0.21604938271604937 0.10833333333333334 0.17037037037037037
2 0.40208333333333335 0.06790123456790123 0.08472222222222223 0.1308641975308642
0 0.20694444444444446 0.20493827160493827 0.25277777777777777 0.10864197530864197
0 0.10138888888888889 0.3814814814814815 0.14722222222222223 0.29876543209876544
2 0.3902777777777778 0.19012345679012346 0.09722222222222222 0.14320987654320988
0 0.46597222222222223 0.9123456790123456 0.3375 0.17530864197530863
0 0.23541666666666666 0.43209876543209874 0.14305555555555557 0.2271604938271605
0 0.09583333333333334 0.7728395061728395 0.18888888888888888 0.4444444444444444
1 0.9493055555555556 0.9382716049382716 0.09583333333333334 0.11851851851851852
1 0.9541666666666667 0.519753086419753 0.09166666666666667 0.27901234567901234
1 0.8305555555555556 0.23950617283950618 0.12222222222222223 0.1382716049382716
1 0.21319444444444446 0.3382716049382716 0.10972222222222222 0.16296296296296295
1 0.06666666666666667 0.6419753086419753 0.13055555555555556 0.30617283950617286
1 0.2555555555555556 0.07037037037037037 0.08611111111111111 0.1308641975308642
1 0.16041666666666668 0.12962962962962962 0.10694444444444445 0.12098765432098765
2 0.4013888888888889 0.5246913580246914 0.1 0.19506172839506172
0 0.5513888888888889 0.2222222222222222 0.08055555555555556 0.23209876543209876
1 0.7305555555555556 0.19506172839506172 0.08333333333333334 0.14814814814814814
1 0.7131944444444445 0.3234567901234568 0.07916666666666666 0.1728395061728395
1 0.7125 0.08765432098765431 0.09166666666666667 0.11604938271604938
