2 0.4041666666666667 0.2691358024691358 0.09722222222222222 0.14320987654320988
2 0.9069444444444444 0.4382716049382716 0.11944444444444445 0.15555555555555556
2 0.4930555555555556 0.8839506172839506 0.17777777777777778 0.2271604938271605
2 0.9180555555555556 0.3074074074074074 0.10555555555555556 0.19506172839506172
0 0.6604166666666667 0.8271604938271605 0.27361111111111114 0.2617283950617284
0 0.5555555555555556 0.5666666666666667 0.18333333333333335 0.24938271604938272
0 0.7076388888888889 0.9604938271604938 0.24861111111111112 0.0691358024691358
1 0.41805555555555557 0.42592592592592593 0.10555555555555556 0.15555555555555556
0 0.8277777777777778 0.4876543209876543 0.10555555555555556 0.2740740740740741
0 0.6555555555555556 0.41234567901234565 0.22222222222222224 0.1728395061728395
0 0.32083333333333336 0.6049382716049383 0.13611111111111113 0.345679012345679
0 0.32916666666666666 0.9530864197530864 0.125 0.07901234567901234
0 0.21319444444444446 0.8481481481481481 0.14027777777777778 0.29876543209876544
1 0.9493055555555556 0.8296296296296296 0.09861111111111112 0.3358024691358025
1 0.8638888888888889 0.18518518518518517 0.12222222222222223 0.1382716049382716
1 0.7493055555555556 0.3074074074074074 0.10694444444444445 0.19506172839506172
1 0.24166666666666667 0.45185185185185184 0.10833333333333334 0.16296296296296295
1 0.09305555555555556 0.9049382716049382 0.18333333333333335 0.18024691358024691
0 0.20625000000000002 0.3382716049382716 0.2763888888888889 0.19753086419753085
1 0.2388888888888889 0.17530864197530863 0.1 0.1580246913580247
0 0.1798611111111111 0.6333333333333333 0.1875 0.18518518518518517
0 0.09861111111111112 0.5506172839506173 0.10277777777777779 0.1876543209876543
1 0.12430555555555556 0.2777777777777778 0.09583333333333334 0.1111111111111111
0 0.5777777777777778 0.2419753086419753 0.11111111111111112 0.19753086419753085
2 0.3979166666666667 0.12839506172839507 0.08750000000000001 0.10864197530864197
2 0.48194444444444445 0.6382716049382716 0.11388888888888889 0.20987654320987653
1 0.6583333333333333 0.25555555555555554 0.11111111111111112 0.17037037037037037
1 0.75625 0.1765432098765432 0.08750000000000001 0.12098765432098765
1 0.6847222222222222 0.1308641975308642 0.075 0.1037037037037037
1 0.7131944444444445 0.06419753086419754 0.08472222222222223 0.09876543209876543
1 0.12013888888888889 0.7950617283950617 0.15416666666666667 0.28641975308641976
