0 0.9381944444444444 0.17777777777777778 0.12361111111111112 0.2271604938271605
1 0.78125 0.10246913580246914 0.17916666666666667 0.19999999999999998
0 0.8416666666666667 0.5098765432098765 0.13333333333333333 0.37777777777777777
0 0.9395833333333333 0.7679012345679013 0.12083333333333333 0.4641975308641975
1 0.5666666666666667 0.2518518518518518 0.16666666666666669 0.25679012345679014
1 0.61875 0.7530864197530864 0.3375 0.49382716049382713
0 0.4840277777777778 0.06790123456790123 0.27083333333333337 0.1308641975308642
0 0.6638888888888889 0.43950617283950616 0.2388888888888889 0.3654320987654321
0 0.34444444444444444 0.41975308641975306 0.20833333333333334 0.34074074074074073
0 0.16111111111111112 0.23580246913580247 0.16111111111111112 0.2938271604938272
2 0.15208333333333335 0.12962962962962962 0.1486111111111111 0.16049382716049382
1 0.2902777777777778 0.06172839506172839 0.14444444444444446 0.11851851851851852
0 0.04861111111111111 0.2037037037037037 0.09444444444444444 0.31851851851851853
0 0.36736111111111114 0.17407407407407408 0.2625 0.22469135802469134
0 0.4027777777777778 0.8049382716049382 0.15 0.39012345679012345
0 0.7354166666666667 0.2271604938271605 0.20694444444444446 0.2222222222222222
