2 0.45416666666666666 0.33209876543209876 0.11666666666666667 0.19999999999999998
0 0.8118055555555556 0.9148148148148147 0.30694444444444446 0.17037037037037037
0 0.70625 0.7024691358024692 0.29305555555555557 0.2740740740740741
1 0.49444444444444446 0.5135802469135803 0.1388888888888889 0.23209876543209876
0 0.9583333333333334 0.5209876543209876 0.08333333333333334 0.35061728395061725
0 0.7548611111111111 0.49135802469135803 0.29583333333333334 0.21728395061728395
0 0.40902777777777777 0.8222222222222222 0.12916666666666668 0.35555555555555557
1 0.9444444444444445 0.20123456790123456 0.10555555555555556 0.1308641975308642
1 0.8645833333333334 0.35432098765432096 0.10972222222222222 0.17530864197530863
1 0.2888888888888889 0.5950617283950617 0.125 0.21728395061728395
1 0.1840277777777778 0.9567901234567902 0.18194444444444446 0.07654320987654321
0 0.1736111111111111 0.519753086419753 0.2138888888888889 0.17037037037037037
1 0.25416666666666665 0.21358024691358024 0.11388888888888889 0.21975308641975308
0 0.2701388888888889 0.817283950617284 0.28750000000000003 0.32098765432098764
0 0.11180555555555556 0.7160493827160493 0.13194444444444445 0.25679012345679014
0 0.05416666666666667 0.4728395061728395 0.10555555555555556 0.3234567901234568
1 0.13541666666666669 0.36666666666666664 0.12083333333333333 0.16049382716049382
0 0.6597222222222222 0.29012345679012347 0.11388888888888889 0.25925925925925924
2 0.14375000000000002 0.1567901234567901 0.09861111111111112 0.17530864197530863
2 0.42291666666666666 0.1876543209876543 0.10694444444444445 0.11851851851851852
2 0.5993055555555555 0.037037037037037035 0.09305555555555556 0.0691358024691358
1 0.23055555555555557 0.06049382716049383 0.06944444444444445 0.0962962962962963
2 0.6090277777777778 0.8024691358024691 0.1736111111111111 0.30617283950617286
1 0.7465277777777778 0.3098765432098765 0.10416666666666667 0.18024691358024691
1 0.7534722222222222 0.1037037037037037 0.08194444444444444 0.13333333333333333
1 0.8361111111111111 0.19999999999999998 0.1 0.13333333333333333
1 0.06875 0.17530864197530863 0.09583333333333334 0.15308641975308643
2 0.33958333333333335 0.30246913580246915 0.11527777777777778 0.15061728395061727
1 0.4534722222222222 0.05802469135802469 0.09861111111111112 0.1111111111111111
0 0.2715277777777778 0.40987654320987654 0.24305555555555555 0.1728395061728395
