2 0.4861111111111111 0.2728395061728395 0.12222222222222223 0.21975308641975308
0 0.8812500000000001 0.8679012345679012 0.23750000000000002 0.2641975308641975
0 0.795138888888889 0.6 0.2791666666666667 0.2716049382716049
1 0.545138888888889 0.4506172839506173 0.1486111111111111 0.22962962962962963
0 0.8215277777777779 0.39382716049382716 0.3236111111111111 0.19999999999999998
0 0.5055555555555555 0.782716049382716 0.11944444444444445 0.3851851851851852
0 0.4388888888888889 0.9444444444444444 0.11388888888888889 0.10123456790123457
1 0.9243055555555556 0.24691358024691357 0.09583333333333334 0.2074074074074074
1 0.34097222222222223 0.5839506172839506 0.14305555555555557 0.25925925925925924
1 0.26805555555555555 0.937037037037037 0.17777777777777778 0.11604938271604938
0 0.1951388888888889 0.49753086419753084 0.2013888888888889 0.17530864197530863
1 0.2791666666666667 0.19382716049382714 0.10833333333333334 0.17037037037037037
0 0.3479166666666667 0.808641975308642 0.24861111111111112 0.254320987654321
0 0.16041666666666668 0.6950617283950618 0.15694444444444444 0.30864197530864196
0 0.05486111111111111 0.5666666666666667 0.10694444444444445 0.25925925925925924
2 0.05 0.37407407407407406 0.09722222222222222 0.14074074074074075
1 0.17430555555555557 0.3234567901234568 0.1513888888888889 0.20246913580246914
0 0.7111111111111111 0.19382716049382714 0.1638888888888889 0.2938271604938272
2 0.14305555555555557 0.12839506172839507 0.08055555555555556 0.12345679012345678
2 0.4479166666666667 0.1345679012345679 0.10138888888888889 0.1259259259259259
1 0.23125 0.04567901234567901 0.09583333333333334 0.08641975308641975
2 0.7131944444444445 0.7111111111111111 0.19305555555555556 0.30123456790123454
1 0.7993055555555556 0.21234567901234566 0.10694444444444445 0.16790123456790124
1 0.8847222222222223 0.07901234567901234 0.11388888888888889 0.12345679012345678
1 0.9750000000000001 0.07654320987654321 0.05 0.11851851851851852
2 0.36875 0.24074074074074073 0.09861111111111112 0.14074074074074075
1 0.06527777777777778 0.17037037037037037 0.08611111111111111 0.16296296296296295
0 0.2986111111111111 0.3765432098765432 0.28611111111111115 0.18518518518518517
1 0.46805555555555556 0.044444444444444446 0.125 0.08395061728395062
