2 0.5243055555555556 0.2222222222222222 0.12083333333333333 0.21728395061728395
0 0.9347222222222222 0.7962962962962963 0.13055555555555556 0.20987654320987653
0 0.851388888888889 0.5222222222222223 0.2972222222222222 0.2839506172839506
1 0.6020833333333333 0.38641975308641974 0.14583333333333334 0.21481481481481482
0 0.8583333333333334 0.32222222222222224 0.2833333333333333 0.19999999999999998
0 0.5493055555555556 0.8111111111111111 0.1513888888888889 0.37777777777777777
0 0.5201388888888889 0.9185185185185185 0.11805555555555557 0.16296296296296295
1 0.3979166666666667 0.5296296296296297 0.14305555555555557 0.25925925925925924
1 0.3416666666666667 0.9259259259259259 0.24444444444444446 0.14814814814814814
0 0.24305555555555555 0.4506172839506173 0.2138888888888889 0.19012345679012346
1 0.3138888888888889 0.1382716049382716 0.11666666666666667 0.1728395061728395
0 0.4048611111111111 0.7617283950617284 0.2625 0.27901234567901234
0 0.21180555555555555 0.6641975308641975 0.1375 0.26666666666666666
0 0.07083333333333333 0.5148148148148148 0.1388888888888889 0.22469135802469134
2 0.07430555555555556 0.3493827160493827 0.11805555555555557 0.14074074074074075
1 0.19236111111111112 0.2716049382716049 0.14583333333333334 0.20246913580246914
0 0.7625000000000001 0.145679012345679 0.14444444444444446 0.28641975308641976
2 0.16736111111111113 0.10617283950617283 0.08194444444444444 0.12345679012345678
2 0.48055555555555557 0.08024691358024691 0.10277777777777779 0.1259259259259259
2 0.795138888888889 0.6580246913580247 0.2013888888888889 0.3333333333333333
1 0.09236111111111112 0.14320987654320988 0.09305555555555556 0.16296296296296295
1 0.8590277777777778 0.11851851851851852 0.11527777777777778 0.17777777777777778
0 0.5256944444444445 0.5580246913580247 0.14027777777777778 0.23703703703703705
0 0.36041666666666666 0.3296296296296296 0.25972222222222224 0.19012345679012346
1 0.96875 0.16296296296296295 0.0625 0.19753086419753085
0 0.1840277777777778 0.928395061728395 0.09861111111111112 0.14320987654320988
