0 0.9291666666666667 0.17901234567901234 0.14166666666666666 0.24938271604938272
1 0.7770833333333333 0.10740740740740741 0.16527777777777777 0.20987654320987653
0 0.8118055555555556 0.4962962962962963 0.1513888888888889 0.3851851851851852
0 0.8798611111111111 0.7654320987654321 0.23472222222222222 0.4691358024691358
1 0.5472222222222223 0.23333333333333334 0.16944444444444445 0.2740740740740741
1 0.5833333333333334 0.7432098765432099 0.35000000000000003 0.5135802469135803
0 0.4902777777777778 0.050617283950617285 0.3111111111111111 0.0962962962962963
0 0.6493055555555556 0.44814814814814813 0.26805555555555555 0.34814814814814815
0 0.33958333333333335 0.4111111111111111 0.1875 0.31851851851851853
0 0.11319444444444444 0.3111111111111111 0.22083333333333335 0.30123456790123454
2 0.1451388888888889 0.11975308641975309 0.1486111111111111 0.16049382716049382
1 0.27708333333333335 0.06172839506172839 0.13472222222222222 0.11851851851851852
0 0.3680555555555556 0.8024691358024691 0.15555555555555556 0.3950617283950617
0 0.725 0.23209876543209876 0.19166666666666668 0.23209876543209876
0 0.33611111111111114 0.19135802469135801 0.2833333333333333 0.19012345679012346
0 0.044444444444444446 0.19135802469135801 0.08055555555555556 0.3234567901234568
