2 0.4590277777777778 0.3148148148148148 0.13472222222222222 0.20493827160493827
0 0.8402777777777778 0.8851851851851852 0.3194444444444445 0.22962962962962963
0 0.7354166666666667 0.6703703703703704 0.28750000000000003 0.29876543209876544
1 0.5152777777777778 0.49135802469135803 0.15 0.23209876543209876
0 0.982638888888889 0.45555555555555555 0.03194444444444445 0.31851851851851853
0 0.7840277777777778 0.4567901234567901 0.30972222222222223 0.21728395061728395
0 0.4361111111111111 0.7938271604938272 0.12222222222222223 0.41234567901234565
0 0.3701388888888889 0.9666666666666667 0.11527777777777778 0.06172839506172839
1 0.8868055555555556 0.3098765432098765 0.11805555555555557 0.19999999999999998
1 0.31319444444444444 0.6185185185185185 0.13194444444444445 0.24444444444444444
1 0.22916666666666669 0.9666666666666667 0.18055555555555555 0.06172839506172839
0 0.17222222222222222 0.5209876543209876 0.225 0.18271604938271604
1 0.26319444444444445 0.21604938271604937 0.1125 0.18024691358024691
0 0.3055555555555556 0.7876543209876543 0.28055555555555556 0.34074074074074073
0 0.13541666666666669 0.7135802469135802 0.13194444444444445 0.2518518518518518
0 0.052083333333333336 0.48271604938271606 0.10138888888888889 0.31851851851851853
1 0.14930555555555555 0.337037037037037 0.14305555555555557 0.19506172839506172
0 0.6798611111111111 0.24320987654320989 0.1375 0.2938271604938272
2 0.14583333333333334 0.15061728395061727 0.08055555555555556 0.12345679012345678
2 0.4354166666666667 0.16666666666666666 0.11805555555555557 0.15555555555555556
2 0.6131944444444445 0.01728395061728395 0.09027777777777778 0.02962962962962963
1 0.21944444444444444 0.06172839506172839 0.06944444444444445 0.11851851851851852
2 0.6756944444444445 0.7790123456790123 0.21805555555555556 0.31851851851851853
1 0.857638888888889 0.1580246913580247 0.09027777777777778 0.12839506172839507
1 0.9541666666666667 0.1580246913580247 0.09166666666666667 0.15308641975308643
1 0.7680555555555556 0.05802469135802469 0.08888888888888889 0.1111111111111111
1 0.7743055555555556 0.2716049382716049 0.10972222222222222 0.20246913580246914
1 0.4618055555555556 0.053086419753086415 0.10694444444444445 0.10123456790123457
2 0.3388888888888889 0.2777777777777778 0.10277777777777779 0.1308641975308642
1 0.05555555555555556 0.1580246913580247 0.1 0.1876543209876543
0 0.28611111111111115 0.4037037037037037 0.26944444444444443 0.17530864197530863
