2 0.5381944444444444 0.17901234567901234 0.11805555555555557 0.19012345679012346
0 0.9701388888888889 0.6925925925925925 0.05694444444444444 0.2345679012345679
0 0.8319444444444445 0.41975308641975306 0.3055555555555556 0.24691358024691357
1 0.6291666666666667 0.3382716049382716 0.13055555555555556 0.2074074074074074
0 0.8708333333333333 0.24814814814814815 0.25277777777777777 0.18024691358024691
0 0.5965277777777778 0.7407407407407407 0.12916666666666668 0.35061728395061725
0 0.5826388888888889 0.891358024691358 0.14305555555555557 0.21728395061728395
1 0.4236111111111111 0.4802469135802469 0.19444444444444445 0.2691358024691358
1 0.3701388888888889 0.8938271604938272 0.28194444444444444 0.21234567901234566
0 0.36388888888888893 0.25925925925925924 0.3027777777777778 0.17777777777777778
1 0.31736111111111115 0.10864197530864197 0.11527777777777778 0.1728395061728395
0 0.4326388888888889 0.7444444444444445 0.27361111111111114 0.2839506172839506
0 0.2076388888888889 0.6320987654320988 0.16527777777777777 0.2962962962962963
0 0.0638888888888889 0.4703703703703704 0.12222222222222223 0.21975308641975308
2 0.07222222222222223 0.32469135802469135 0.1277777777777778 0.14074074074074075
1 0.20069444444444445 0.23950617283950618 0.14305555555555557 0.19753086419753085
0 0.8180555555555555 0.11728395061728394 0.20833333333333334 0.22962962962962963
2 0.16875 0.07407407407407407 0.10138888888888889 0.12839506172839507
2 0.49097222222222225 0.053086419753086415 0.10138888888888889 0.10123456790123457
2 0.8520833333333334 0.5975308641975309 0.22361111111111112 0.3259259259259259
0 0.5666666666666667 0.5148148148148148 0.1527777777777778 0.21975308641975308
0 0.18958333333333335 0.9148148148148147 0.11527777777777778 0.17037037037037037
0 0.24791666666666667 0.41728395061728396 0.23750000000000002 0.16296296296296295
1 0.08819444444444445 0.1037037037037037 0.09305555555555556 0.14320987654320988
