2 0.42430555555555555 0.3333333333333333 0.10694444444444445 0.16296296296296295
2 0.9604166666666667 0.30123456790123454 0.07083333333333333 0.1728395061728395
0 0.7819444444444444 0.928395061728395 0.26944444444444443 0.13333333333333333
0 0.6652777777777779 0.6925925925925925 0.24722222222222223 0.27901234567901234
1 0.46805555555555556 0.5296296296296297 0.11666666666666667 0.18518518518518517
0 0.9430555555555556 0.5333333333333333 0.10555555555555556 0.2765432098765432
0 0.7354166666666667 0.47901234567901235 0.27083333333333337 0.20246913580246914
0 0.3680555555555556 0.7728395061728395 0.1277777777777778 0.4345679012345679
0 0.3055555555555556 0.9679012345679012 0.11666666666666667 0.05432098765432099
1 0.9194444444444445 0.18888888888888888 0.13333333333333333 0.1308641975308642
1 0.8319444444444445 0.3308641975308642 0.10555555555555556 0.21728395061728395
1 0.27083333333333337 0.6185185185185185 0.11666666666666667 0.19012345679012346
1 0.14791666666666667 0.9567901234567902 0.18194444444444446 0.07654320987654321
0 0.12916666666666668 0.5271604938271605 0.20277777777777778 0.17037037037037037
1 0.2388888888888889 0.25925925925925924 0.1 0.1580246913580247
0 0.24444444444444446 0.7925925925925926 0.28055555555555556 0.30123456790123454
0 0.08125 0.7234567901234568 0.13194444444444445 0.2716049382716049
0 0.11180555555555556 0.554320987654321 0.22083333333333335 0.13580246913580246
1 0.12916666666666668 0.3802469135802469 0.11666666666666667 0.1382716049382716
0 0.6305555555555555 0.2802469135802469 0.10277777777777779 0.22469135802469134
2 0.13055555555555556 0.18518518518518517 0.08055555555555556 0.12345679012345678
2 0.39375 0.20987654320987653 0.08750000000000001 0.10864197530864197
2 0.5895833333333333 0.04197530864197531 0.09305555555555556 0.07901234567901234
1 0.21805555555555556 0.08888888888888889 0.06944444444444445 0.09382716049382715
2 0.5798611111111112 0.791358024691358 0.1736111111111111 0.28888888888888886
1 0.43333333333333335 0.07037037037037037 0.08611111111111111 0.13580246913580246
1 0.725 0.10493827160493827 0.08888888888888889 0.1308641975308642
1 0.7986111111111112 0.17777777777777778 0.08055555555555556 0.10864197530864197
1 0.7194444444444444 0.28518518518518515 0.10277777777777779 0.17530864197530863
1 0.04930555555555556 0.17901234567901234 0.09583333333333334 0.21975308641975308
0 0.2673611111111111 0.4271604938271605 0.24305555555555555 0.16790123456790124
