2 0.5666666666666667 0.07901234567901234 0.13333333333333333 0.15308641975308643
0 0.8597222222222223 0.29876543209876544 0.2638888888888889 0.2518518518518518
1 0.6722222222222223 0.22839506172839505 0.14722222222222223 0.2345679012345679
0 0.8951388888888889 0.1259259259259259 0.20972222222222223 0.1580246913580247
0 0.6611111111111111 0.6308641975308642 0.13055555555555556 0.3925925925925926
0 0.6715277777777778 0.8345679012345679 0.22083333333333335 0.3308641975308642
1 0.45 0.36790123456790125 0.15 0.2617283950617284
1 0.41250000000000003 0.8209876543209876 0.27222222222222225 0.35802469135802467
0 0.3784722222222222 0.16296296296296295 0.29583333333333334 0.1925925925925926
1 0.32083333333333336 0.06049382716049383 0.1 0.11604938271604938
0 0.4798611111111111 0.5925925925925926 0.23472222222222222 0.291358024691358
0 0.24583333333333335 0.5419753086419753 0.16111111111111112 0.25925925925925924
0 0.08194444444444444 0.3790123456790123 0.16111111111111112 0.2691358024691358
2 0.09861111111111112 0.22469135802469134 0.14444444444444446 0.1580246913580247
1 0.22361111111111112 0.1382716049382716 0.13611111111111113 0.19753086419753085
0 0.8993055555555556 0.053086419753086415 0.2013888888888889 0.10123456790123457
2 0.9027777777777778 0.46296296296296297 0.18611111111111112 0.32839506172839505
0 0.5972222222222222 0.35802469135802467 0.15833333333333333 0.20246913580246914
0 0.23333333333333334 0.8481481481481481 0.12222222222222223 0.3037037037037037
0 0.27222222222222225 0.32469135802469135 0.24722222222222223 0.18518518518518517
2 0.43680555555555556 0.06049382716049383 0.10694444444444445 0.1111111111111111
