2 0.6215277777777778 0.03950617283950617 0.10138888888888889 0.07407407407407407
0 0.9006944444444445 0.20987654320987653 0.1902777777777778 0.23703703703703705
1 0.7381944444444445 0.14938271604938272 0.13194444444444445 0.20987654320987653
0 0.9256944444444445 0.056790123456790124 0.1375 0.09876543209876543
0 0.7631944444444445 0.5185185185185185 0.1513888888888889 0.3851851851851852
0 0.8131944444444444 0.7999999999999999 0.2625 0.39999999999999997
1 0.5083333333333333 0.2580246913580247 0.16666666666666669 0.2691358024691358
1 0.5013888888888889 0.7518518518518519 0.3194444444444445 0.4962962962962963
0 0.4451388888888889 0.08641975308641975 0.3041666666666667 0.16790123456790124
0 0.5722222222222223 0.4691358024691358 0.2611111111111111 0.3111111111111111
0 0.29305555555555557 0.437037037037037 0.18055555555555555 0.291358024691358
0 0.09583333333333334 0.30123456790123454 0.18888888888888888 0.25679012345679014
2 0.12430555555555556 0.1469135802469136 0.1486111111111111 0.16049382716049382
1 0.2548611111111111 0.07901234567901234 0.13472222222222222 0.15308641975308643
2 0.9555555555555556 0.3432098765432099 0.08055555555555556 0.3111111111111111
0 0.2986111111111111 0.8061728395061728 0.13611111111111113 0.3876543209876543
0 0.6687500000000001 0.2728395061728395 0.1736111111111111 0.22962962962962963
0 0.3076388888888889 0.2345679012345679 0.25416666666666665 0.17777777777777778
