2 0.7111111111111111 0.15555555555555556 0.16111111111111112 0.24691358024691357
1 0.8590277777777778 0.33209876543209876 0.18194444444444446 0.2345679012345679
1 0.6430555555555556 0.5049382716049383 0.16666666666666669 0.29876543209876544
1 0.6659722222222223 0.9148148148148147 0.1763888888888889 0.17037037037037037
0 0.513888888888889 0.28271604938271605 0.3055555555555556 0.23950617283950618
1 0.44722222222222224 0.11358024691358025 0.125 0.1728395061728395
0 0.8319444444444445 0.8246913580246913 0.26944444444444443 0.35061728395061725
0 0.42708333333333337 0.7061728395061728 0.20972222222222223 0.35061728395061725
0 0.42291666666666666 0.46172839506172836 0.2625 0.23209876543209876
2 0.21597222222222223 0.36666666666666664 0.1486111111111111 0.16049382716049382
1 0.3611111111111111 0.27037037037037037 0.1527777777777778 0.19506172839506172
2 0.2555555555555556 0.09135802469135802 0.08055555555555556 0.14320987654320988
1 0.18194444444444446 0.12345679012345678 0.08888888888888889 0.14320987654320988
1 0.05555555555555556 0.1382716049382716 0.08888888888888889 0.12839506172839507
0 0.061111111111111116 0.24444444444444444 0.11944444444444445 0.10864197530864197
0 0.08888888888888889 0.508641975308642 0.12222222222222223 0.3802469135802469
0 0.23055555555555557 0.5172839506172839 0.1527777777777778 0.3432098765432099
0 0.8333333333333334 0.5469135802469136 0.22222222222222224 0.3234567901234568
2 0.5659722222222222 0.1308641975308642 0.11805555555555557 0.15308641975308643
1 0.052083333333333336 0.41728395061728396 0.10138888888888889 0.3111111111111111
