2 0.9430555555555556 0.38641975308641974 0.10833333333333334 0.23950617283950618
1 0.9583333333333334 0.8246913580246913 0.07777777777777778 0.32098765432098764
0 0.763888888888889 0.5802469135802469 0.3027777777777778 0.26666666666666666
1 0.6506944444444445 0.35061728395061725 0.15972222222222224 0.2617283950617284
0 0.7527777777777778 0.8209876543209876 0.3277777777777778 0.24444444444444444
2 0.4138888888888889 0.6753086419753086 0.14722222222222223 0.19012345679012346
1 0.5881944444444445 0.5592592592592592 0.18194444444444446 0.2740740740740741
1 0.2215277777777778 0.8888888888888888 0.1375 0.21234567901234566
2 0.3965277777777778 0.31234567901234567 0.07916666666666666 0.14074074074074075
2 0.8326388888888889 0.20987654320987653 0.12638888888888888 0.18271604938271604
1 0.3277777777777778 0.36790123456790125 0.09722222222222222 0.1876543209876543
1 0.21180555555555555 0.3987654320987654 0.10694444444444445 0.12098765432098765
0 0.4652777777777778 0.3493827160493827 0.07777777777777778 0.145679012345679
1 0.49583333333333335 0.16049382716049382 0.08055555555555556 0.11358024691358025
1 0.3541666666666667 0.20987654320987653 0.075 0.07901234567901234
1 0.6027777777777777 0.1580246913580247 0.09722222222222222 0.12345679012345678
1 0.24097222222222223 0.28888888888888886 0.08472222222222223 0.1037037037037037
0 0.23958333333333334 0.519753086419753 0.12638888888888888 0.15555555555555556
0 0.4479166666666667 0.5432098765432098 0.20416666666666666 0.11358024691358025
0 0.3145833333333333 0.8246913580246913 0.12361111111111112 0.345679012345679
1 0.5819444444444445 0.053086419753086415 0.08611111111111111 0.08148148148148147
1 0.7305555555555556 0.17777777777777778 0.08055555555555556 0.09382716049382715
1 0.7763888888888889 0.06666666666666667 0.09166666666666667 0.11851851851851852
2 0.13958333333333334 0.5839506172839506 0.08750000000000001 0.19012345679012346
1 0.22916666666666669 0.19999999999999998 0.06944444444444445 0.08888888888888889
1 0.425 0.08395061728395062 0.08333333333333334 0.12345679012345678
2 0.09652777777777778 0.345679012345679 0.10138888888888889 0.1382716049382716
1 0.23750000000000002 0.671604938271605 0.13333333333333333 0.21234567901234566
0 0.08125 0.8827160493827161 0.15972222222222224 0.2345679012345679
2 0.058333333333333334 0.7518518518518519 0.11388888888888889 0.20987654320987653
0 0.5166666666666667 0.23703703703703705 0.11388888888888889 0.16296296296296295
2 0.8034722222222223 0.36666666666666664 0.1513888888888889 0.17037037037037037
0 0.4618055555555556 0.8135802469135802 0.14305555555555557 0.3728395061728395
0 0.5604166666666667 0.8469135802469135 0.11527777777777778 0.30617283950617286
