2 0.8305555555555556 0.5148148148148148 0.16944444444444445 0.2691358024691358
1 0.9055555555555556 0.908641975308642 0.18888888888888888 0.18271604938271604
0 0.5798611111111112 0.8111111111111111 0.15416666666666667 0.21975308641975308
1 0.5493055555555556 0.4901234567901234 0.15694444444444444 0.254320987654321
0 0.6590277777777778 0.9444444444444444 0.32083333333333336 0.1111111111111111
2 0.24305555555555555 0.8839506172839506 0.14444444444444446 0.23209876543209876
1 0.46805555555555556 0.7160493827160493 0.18055555555555555 0.2765432098765432
1 0.052083333333333336 0.8790123456790123 0.10138888888888889 0.23209876543209876
2 0.2555555555555556 0.4185185185185185 0.1 0.16049382716049382
2 0.6993055555555556 0.3419753086419753 0.12916666666666668 0.19999999999999998
1 0.17777777777777778 0.5012345679012346 0.10277777777777779 0.1876543209876543
2 0.8152777777777778 0.06419753086419754 0.10555555555555556 0.1037037037037037
0 0.32916666666666666 0.47530864197530864 0.06666666666666667 0.17037037037037037
1 0.3493055555555556 0.2604938271604938 0.09583333333333334 0.1654320987654321
1 0.19305555555555556 0.3135802469135802 0.075 0.1037037037037037
1 0.4777777777777778 0.2716049382716049 0.09722222222222222 0.12345679012345678
1 0.07013888888888889 0.3802469135802469 0.09027777777777778 0.15308641975308643
0 0.034722222222222224 0.6975308641975309 0.06666666666666667 0.2345679012345679
0 0.29930555555555555 0.7197530864197531 0.2125 0.17037037037037037
0 0.1513888888888889 0.9160493827160494 0.11666666666666667 0.16790123456790124
1 0.44722222222222224 0.16419753086419753 0.08611111111111111 0.10123456790123457
1 0.5916666666666667 0.30617283950617286 0.09166666666666667 0.10864197530864197
2 0.9333333333333333 0.2777777777777778 0.11388888888888889 0.13580246913580246
1 0.6368055555555556 0.18024691358024691 0.09305555555555556 0.13333333333333333
0 0.4138888888888889 0.9481481481481482 0.10833333333333334 0.1037037037037037
0 0.3527777777777778 0.891358024691358 0.10555555555555556 0.21728395061728395
0 0.12916666666666668 0.7209876543209877 0.1277777777777778 0.14320987654320988
1 0.03194444444444445 0.5234567901234568 0.061111111111111116 0.14814814814814814
0 0.09722222222222222 0.4962962962962963 0.08611111111111111 0.2222222222222222
0 0.3944444444444445 0.35061728395061725 0.11944444444444445 0.1580246913580247
0 0.7194444444444444 0.7037037037037037 0.27222222222222225 0.30617283950617286
2 0.6854166666666667 0.5172839506172839 0.12083333333333333 0.19506172839506172
2 0.2847222222222222 0.2691358024691358 0.08888888888888889 0.13333333333333333
2 0.08819444444444445 0.3 0.08194444444444444 0.07160493827160494
1 0.5736111111111112 0.12962962962962962 0.075 0.11604938271604938
1 0.23472222222222222 0.15555555555555556 0.07222222222222223 0.11851851851851852
1 0.29583333333333334 0.17160493827160495 0.075 0.11604938271604938
1 0.3284722222222222 0.07160493827160494 0.08472222222222223 0.09876543209876543
1 0.6909722222222222 0.03950617283950617 0.0763888888888889 0.07407407407407407
1 0.9680555555555556 0.08271604938271605 0.0638888888888889 0.1308641975308642
0 0.7770833333333333 0.12345679012345678 0.1375 0.15308641975308643
