2 0.84375 0.32839506172839505 0.17083333333333334 0.291358024691358
1 0.8284722222222223 0.7481481481481481 0.23194444444444445 0.39999999999999997
0 0.5583333333333333 0.49506172839506174 0.13333333333333333 0.23950617283950618
1 0.5618055555555556 0.29259259259259257 0.14305555555555557 0.21481481481481482
0 0.9520833333333334 0.8148148148148148 0.09583333333333334 0.37037037037037035
0 0.5902777777777778 0.8987654320987654 0.23611111111111113 0.20246913580246914
0 0.35625 0.7358024691358025 0.19305555555555556 0.40987654320987654
2 0.3090277777777778 0.554320987654321 0.1486111111111111 0.16049382716049382
1 0.47361111111111115 0.4345679012345679 0.16944444444444445 0.21728395061728395
1 0.12638888888888888 0.7308641975308642 0.11111111111111112 0.2271604938271605
2 0.3368055555555556 0.2382716049382716 0.07916666666666666 0.14074074074074075
2 0.7333333333333334 0.1617283950617284 0.13333333333333333 0.18024691358024691
1 0.2638888888888889 0.28641975308641976 0.09722222222222222 0.1728395061728395
1 0.14305555555555557 0.31851851851851853 0.09166666666666667 0.12839506172839507
0 0.4451388888888889 0.18271604938271604 0.12638888888888888 0.15308641975308643
1 0.42083333333333334 0.10123456790123457 0.08333333333333334 0.13333333333333333
1 0.3055555555555556 0.145679012345679 0.075 0.07901234567901234
1 0.5430555555555556 0.08395061728395062 0.09722222222222222 0.12345679012345678
1 0.19930555555555557 0.19382716049382714 0.0763888888888889 0.10123456790123457
0 0.15555555555555556 0.41728395061728396 0.09444444444444444 0.1580246913580247
0 0.18819444444444444 0.6950617283950618 0.12361111111111112 0.38271604938271603
1 0.6430555555555556 0.11358024691358025 0.08055555555555556 0.09382716049382715
2 0.08055555555555556 0.4679012345679012 0.08888888888888889 0.16049382716049382
1 0.9750000000000001 0.5024691358024691 0.05 0.17037037037037037
0 0.58125 0.7012345679012345 0.29305555555555557 0.2222222222222222
1 0.1451388888888889 0.5493827160493827 0.11805555555555557 0.145679012345679
0 0.03680555555555556 0.8555555555555555 0.07083333333333333 0.28888888888888886
2 0.9673611111111111 0.10246913580246914 0.06527777777777778 0.15061728395061727
2 0.04861111111111111 0.25925925925925924 0.09444444444444444 0.12345679012345678
0 0.71875 0.4604938271604938 0.23750000000000002 0.22469135802469134
2 0.6854166666666667 0.30617283950617286 0.12916666666666668 0.1580246913580247
0 0.3493055555555556 0.43950617283950616 0.14027777777777778 0.10864197530864197
