2 0.9131944444444445 0.3851851851851852 0.1736111111111111 0.26666666666666666
1 0.9131944444444445 0.8135802469135802 0.16805555555555557 0.36296296296296293
0 0.6305555555555555 0.5728395061728395 0.15555555555555556 0.25679012345679014
1 0.6215277777777778 0.3382716049382716 0.14583333333333334 0.2419753086419753
0 0.6972222222222223 0.9555555555555555 0.22222222222222224 0.08888888888888889
0 0.44027777777777777 0.8160493827160493 0.18611111111111112 0.36790123456790125
2 0.3770833333333333 0.6296296296296297 0.15416666666666667 0.20246913580246914
1 0.5409722222222222 0.5209876543209876 0.18194444444444446 0.2765432098765432
1 0.18680555555555556 0.8308641975308642 0.12638888888888888 0.2345679012345679
2 0.37430555555555556 0.29259259259259257 0.07916666666666666 0.14074074074074075
2 0.7923611111111112 0.20987654320987653 0.1375 0.1925925925925926
1 0.3055555555555556 0.3419753086419753 0.09722222222222222 0.18518518518518517
1 0.19305555555555556 0.3691358024691358 0.10833333333333334 0.1259259259259259
0 0.46805555555555556 0.2938271604938272 0.14722222222222223 0.2222222222222222
1 0.4701388888888889 0.14814814814814814 0.08194444444444444 0.11358024691358025
1 0.3388888888888889 0.19876543209876543 0.075 0.07654320987654321
1 0.5777777777777778 0.1345679012345679 0.09722222222222222 0.12098765432098765
1 0.2326388888888889 0.25308641975308643 0.08472222222222223 0.10123456790123457
0 0.19305555555555556 0.4802469135802469 0.09166666666666667 0.12098765432098765
0 0.25416666666666665 0.791358024691358 0.1388888888888889 0.41728395061728396
1 0.5652777777777778 0.05925925925925926 0.08611111111111111 0.08395061728395062
1 0.6923611111111111 0.1617283950617284 0.09583333333333334 0.12098765432098765
2 0.12013888888888889 0.5358024691358024 0.09027777777777778 0.18271604938271604
0 0.05694444444444444 0.9209876543209876 0.11111111111111112 0.1580246913580247
0 0.6736111111111112 0.774074074074074 0.3194444444444445 0.24444444444444444
0 0.8118055555555556 0.5432098765432098 0.21805555555555556 0.2518518518518518
0 0.7458333333333333 0.3654320987654321 0.15555555555555556 0.17777777777777778
0 0.4041666666666667 0.5024691358024691 0.14444444444444446 0.145679012345679
0 0.20625000000000002 0.6234567901234568 0.12638888888888888 0.18024691358024691
2 0.08680555555555555 0.3172839506172839 0.09583333333333334 0.1308641975308642
1 0.7520833333333333 0.0728395061728395 0.11527777777777778 0.1308641975308642
1 0.22430555555555556 0.1617283950617284 0.07916666666666666 0.10123456790123457
0 0.06875 0.782716049382716 0.12083333333333333 0.15308641975308643
2 0.043750000000000004 0.7148148148148148 0.08472222222222223 0.145679012345679
