2 0.7534722222222222 0.25925925925925924 0.16527777777777777 0.2518518518518518
1 0.9187500000000001 0.44814814814814813 0.1625 0.254320987654321
1 0.7145833333333333 0.6567901234567901 0.18472222222222223 0.3358024691358025
0 0.576388888888889 0.37407407407407406 0.3277777777777778 0.254320987654321
1 0.4798611111111111 0.20617283950617282 0.12638888888888888 0.19506172839506172
0 0.8798611111111111 0.7802469135802469 0.24027777777777778 0.43950617283950616
0 0.4847222222222222 0.8407407407407407 0.2138888888888889 0.31851851851851853
0 0.49583333333333335 0.5876543209876544 0.2777777777777778 0.23703703703703705
2 0.2576388888888889 0.47530864197530864 0.1486111111111111 0.16049382716049382
1 0.40347222222222223 0.36666666666666664 0.16805555555555557 0.21481481481481482
1 0.06041666666666667 0.5395061728395062 0.11805555555555557 0.3037037037037037
2 0.28055555555555556 0.17407407407407408 0.08055555555555556 0.14074074074074075
2 0.6631944444444444 0.10123456790123457 0.12361111111111112 0.16296296296296295
1 0.2152777777777778 0.21728395061728395 0.09722222222222222 0.16296296296296295
1 0.08680555555555555 0.2419753086419753 0.09027777777777778 0.12839506172839507
1 0.25 0.09506172839506173 0.075 0.07654320987654321
1 0.15555555555555556 0.14074074074074075 0.08611111111111111 0.1037037037037037
2 0.920138888888889 0.044444444444444446 0.11527777777777778 0.08395061728395062
0 0.10833333333333334 0.3345679012345679 0.09722222222222222 0.13580246913580246
0 0.12708333333333333 0.582716049382716 0.12361111111111112 0.3802469135802469
1 0.5805555555555556 0.06172839506172839 0.08055555555555556 0.09382716049382715
0 0.2659722222222222 0.6555555555555556 0.17916666666666667 0.31851851851851853
2 0.5979166666666667 0.23333333333333334 0.11805555555555557 0.13580246913580246
0 0.2826388888888889 0.3469135802469136 0.13194444444444445 0.11604938271604938
0 0.39722222222222225 0.11975308641975309 0.11111111111111112 0.14074074074074075
