2 0.6611111111111111 0.08024691358024691 0.14166666666666666 0.15555555555555556
0 0.9416666666666667 0.29876543209876544 0.11666666666666667 0.21728395061728395
1 0.8048611111111111 0.17777777777777778 0.16805555555555557 0.25679012345679014
0 0.8916666666666667 0.6580246913580247 0.1388888888888889 0.4024691358024691
1 0.5916666666666667 0.3567901234567901 0.19166666666666668 0.3530864197530864
1 0.6402777777777778 0.8395061728395061 0.3138888888888889 0.32098765432098764
0 0.45555555555555555 0.11851851851851852 0.27222222222222225 0.1876543209876543
1 0.4138888888888889 0.03333333333333333 0.09722222222222222 0.06172839506172839
0 0.7097222222222223 0.6123456790123457 0.24444444444444446 0.3654320987654321
0 0.36736111111111114 0.5518518518518518 0.1763888888888889 0.3432098765432099
0 0.17222222222222222 0.37037037037037035 0.17500000000000002 0.3259259259259259
2 0.16319444444444445 0.20864197530864198 0.1486111111111111 0.16049382716049382
1 0.3111111111111111 0.10987654320987654 0.15555555555555556 0.19012345679012346
0 0.7625000000000001 0.35802469135802467 0.18888888888888888 0.2222222222222222
0 0.4375 0.8592592592592593 0.13055555555555556 0.2814814814814815
0 0.9576388888888889 0.09753086419753086 0.08472222222222223 0.15061728395061727
0 0.37569444444444444 0.2938271604938272 0.2652777777777778 0.23209876543209876
0 0.058333333333333334 0.337037037037037 0.11388888888888889 0.35802469135802467
1 0.03263888888888889 0.20617283950617282 0.0625 0.2691358024691358
