2 0.7833333333333333 0.5728395061728395 0.16944444444444445 0.2716049382716049
1 0.8701388888888889 0.9358024691358025 0.20972222222222223 0.12345679012345678
0 0.6041666666666667 0.8222222222222222 0.3194444444444445 0.345679012345679
1 0.5055555555555555 0.5740740740740741 0.15555555555555556 0.254320987654321
1 0.41458333333333336 0.8296296296296296 0.1875 0.2962962962962963
1 0.04097222222222222 0.9333333333333333 0.07916666666666666 0.13333333333333333
2 0.20069444444444445 0.49753086419753084 0.11527777777777778 0.18024691358024691
2 0.6513888888888889 0.4012345679012346 0.1277777777777778 0.19999999999999998
1 0.12638888888888888 0.5777777777777777 0.11388888888888889 0.21234567901234566
2 0.7541666666666667 0.11481481481481481 0.10555555555555556 0.10617283950617283
0 0.2888888888888889 0.5469135802469136 0.07777777777777778 0.17530864197530863
1 0.30833333333333335 0.3308641975308642 0.09722222222222222 0.16296296296296295
1 0.15416666666666667 0.3753086419753086 0.075 0.1037037037037037
1 0.43680555555555556 0.3259259259259259 0.09583333333333334 0.12345679012345678
0 0.27222222222222225 0.8098765432098766 0.2138888888888889 0.1876543209876543
1 0.4027777777777778 0.22592592592592592 0.08611111111111111 0.10123456790123457
1 0.5583333333333333 0.3333333333333333 0.09166666666666667 0.10864197530864197
2 0.8708333333333333 0.32469135802469135 0.10833333333333334 0.145679012345679
1 0.59375 0.22098765432098766 0.08750000000000001 0.1308641975308642
0 0.6618055555555555 0.782716049382716 0.2791666666666667 0.30123456790123454
0 0.3402777777777778 0.4222222222222222 0.1277777777777778 0.14320987654320988
2 0.25 0.9197530864197531 0.24444444444444446 0.16049382716049382
0 0.7159722222222222 0.17777777777777778 0.1375 0.14814814814814814
0 0.08055555555555556 0.8111111111111111 0.12222222222222223 0.15061728395061727
1 0.9618055555555556 0.791358024691358 0.0763888888888889 0.29876543209876544
0 0.9604166666666667 0.3617283950617284 0.07916666666666666 0.24938271604938272
1 0.9020833333333333 0.13580246913580246 0.09305555555555556 0.1580246913580247
1 0.5347222222222222 0.17160493827160495 0.08055555555555556 0.1259259259259259
1 0.6465277777777778 0.06296296296296296 0.08472222222222223 0.10617283950617283
0 0.04513888888888889 0.6049382716049383 0.08750000000000001 0.2419753086419753
2 0.22430555555555556 0.3382716049382716 0.07916666666666666 0.1382716049382716
2 0.6381944444444445 0.5777777777777777 0.1486111111111111 0.1876543209876543
2 0.09375 0.3950617283950617 0.08472222222222223 0.10864197530864197
1 0.029861111111111113 0.46296296296296297 0.05694444444444444 0.12098765432098765
1 0.23680555555555557 0.2271604938271605 0.0763888888888889 0.09876543209876543
1 0.025 0.3296296296296296 0.04722222222222222 0.0962962962962963
1 0.2902777777777778 0.13950617283950617 0.08055555555555556 0.10123456790123457
1 0.16597222222222222 0.2185185185185185 0.06527777777777778 0.10123456790123457
