0 0.7611111111111112 0.1962962962962963 0.15 0.31851851851851853
0 0.45972222222222225 0.2111111111111111 0.22777777777777777 0.19012345679012346
1 0.6805555555555556 0.09012345679012346 0.16666666666666669 0.17530864197530863
1 0.6465277777777778 0.2185185185185185 0.1902777777777778 0.2839506172839506
1 0.25972222222222224 0.10123456790123457 0.12222222222222223 0.1925925925925926
2 0.9284722222222223 0.10617283950617283 0.14305555555555557 0.2074074074074074
2 0.4104166666666667 0.37037037037037035 0.18194444444444446 0.21728395061728395
2 0.3527777777777778 0.0728395061728395 0.11388888888888889 0.14074074074074075
1 0.18680555555555556 0.3617283950617284 0.17916666666666667 0.23950617283950618
0 0.8243055555555556 0.437037037037037 0.29583333333333334 0.20246913580246914
1 0.20694444444444446 0.582716049382716 0.18611111111111112 0.345679012345679
0 0.5833333333333334 0.4925925925925926 0.2888888888888889 0.4567901234567901
0 0.8708333333333333 0.7419753086419753 0.25833333333333336 0.4024691358024691
0 0.3125 0.6222222222222222 0.13611111111111113 0.34074074074074073
0 0.06736111111111111 0.8160493827160493 0.13194444444444445 0.36790123456790125
1 0.07569444444444445 0.09999999999999999 0.12083333333333333 0.17530864197530863
1 0.13125 0.046913580246913576 0.1125 0.08888888888888889
2 0.052083333333333336 0.2839506172839506 0.10138888888888889 0.21234567901234566
0 0.43680555555555556 0.07407407407407407 0.09583333333333334 0.1382716049382716
0 0.9020833333333333 0.2185185185185185 0.15694444444444444 0.254320987654321
