0 0.8590277777777778 0.17901234567901234 0.26805555555555555 0.29876543209876544
0 0.5118055555555556 0.1617283950617284 0.21805555555555556 0.18518518518518517
1 0.6743055555555556 0.17530864197530863 0.1902777777777778 0.2814814814814815
1 0.28055555555555556 0.09012345679012346 0.12222222222222223 0.17530864197530863
2 0.4569444444444445 0.3160493827160494 0.18333333333333335 0.21728395061728395
1 0.24444444444444446 0.32839506172839505 0.18055555555555555 0.2419753086419753
0 0.8375 0.35555555555555557 0.325 0.2716049382716049
1 0.2743055555555556 0.4925925925925926 0.17083333333333334 0.2740740740740741
0 0.6256944444444444 0.45185185185185184 0.3041666666666667 0.49382716049382713
0 0.8986111111111111 0.6777777777777778 0.20277777777777778 0.3925925925925926
0 0.3701388888888889 0.5555555555555556 0.13472222222222222 0.3654320987654321
0 0.043750000000000004 0.8246913580246913 0.08472222222222223 0.35061728395061725
0 0.14305555555555557 0.4246913580246913 0.11388888888888889 0.1728395061728395
0 0.1451388888888889 0.7962962962962963 0.19305555555555556 0.4074074074074074
0 0.14375000000000002 0.20864197530864198 0.11527777777777778 0.19012345679012346
2 0.07430555555555556 0.2679012345679012 0.14583333333333334 0.21975308641975308
1 0.10902777777777778 0.10617283950617283 0.14305555555555557 0.17777777777777778
