2 0.8006944444444445 0.519753086419753 0.16805555555555557 0.2691358024691358
1 0.9 0.9012345679012346 0.2 0.19753086419753085
0 0.59375 0.7617283950617284 0.16805555555555557 0.36296296296296293
1 0.5375 0.5049382716049383 0.15555555555555556 0.27901234567901234
2 0.2520833333333333 0.8839506172839506 0.16527777777777777 0.23209876543209876
1 0.4701388888888889 0.7308641975308642 0.1875 0.2962962962962963
1 0.061111111111111116 0.8839506172839506 0.11944444444444445 0.2271604938271605
2 0.22569444444444445 0.42839506172839503 0.11527777777777778 0.18024691358024691
2 0.6743055555555556 0.35432098765432096 0.12916666666666668 0.19999999999999998
1 0.15833333333333333 0.5012345679012346 0.11944444444444445 0.2271604938271605
1 0.02361111111111111 0.562962962962963 0.044444444444444446 0.12345679012345678
2 0.7743055555555556 0.0728395061728395 0.10694444444444445 0.10617283950617283
1 0.33194444444444443 0.2716049382716049 0.09722222222222222 0.16296296296296295
1 0.16805555555555557 0.3259259259259259 0.075 0.1037037037037037
1 0.4569444444444445 0.27901234567901234 0.09722222222222222 0.12345679012345678
1 0.04236111111111111 0.42345679012345677 0.08194444444444444 0.145679012345679
0 0.2972222222222222 0.7407407407407407 0.2138888888888889 0.1876543209876543
1 0.4277777777777778 0.16296296296296295 0.08611111111111111 0.11358024691358025
1 0.576388888888889 0.30617283950617286 0.09166666666666667 0.10864197530864197
2 0.9055555555555556 0.28888888888888886 0.125 0.1382716049382716
1 0.6201388888888889 0.16666666666666666 0.09027777777777778 0.1308641975308642
0 0.3819444444444445 0.36049382716049383 0.1277777777777778 0.14320987654320988
1 0.55 0.12098765432098765 0.08333333333333334 0.13333333333333333
0 0.13680555555555557 0.9271604938271605 0.09027777777777778 0.145679012345679
0 0.36180555555555555 0.9061728395061728 0.10138888888888889 0.1876543209876543
0 0.6555555555555556 0.9592592592592593 0.2833333333333333 0.08148148148148147
0 0.7409722222222223 0.7012345679012345 0.1875 0.25679012345679014
2 0.6722222222222223 0.5234567901234568 0.14166666666666666 0.1876543209876543
0 0.3180555555555556 0.49753086419753084 0.09722222222222222 0.15061728395061727
0 0.10972222222222222 0.7493827160493827 0.1527777777777778 0.15555555555555556
0 0.08125 0.5234567901234568 0.08750000000000001 0.24691358024691357
2 0.25416666666666665 0.27530864197530863 0.1 0.16049382716049382
2 0.04791666666666667 0.3160493827160494 0.09305555555555556 0.10864197530864197
1 0.2638888888888889 0.1876543209876543 0.08333333333333334 0.11851851851851852
1 0.3263888888888889 0.08641975308641975 0.06944444444444445 0.10864197530864197
1 0.18541666666666667 0.1691358024691358 0.08194444444444444 0.12098765432098765
1 0.9284722222222223 0.10617283950617283 0.08750000000000001 0.12839506172839507
1 0.9673611111111111 0.2037037037037037 0.06527777777777778 0.11604938271604938
