0 0.7493055555555556 0.09382716049382715 0.2652777777777778 0.18271604938271604
1 0.9319444444444445 0.09753086419753086 0.13055555555555556 0.19012345679012346
1 0.4902777777777778 0.022222222222222223 0.12222222222222223 0.03950617283950617
2 0.7208333333333333 0.22962962962962963 0.2 0.25679012345679014
1 0.48750000000000004 0.21358024691358024 0.17777777777777778 0.27901234567901234
1 0.5423611111111112 0.42839506172839503 0.22083333333333335 0.3530864197530864
0 0.8909722222222223 0.37777777777777777 0.21805555555555556 0.4888888888888889
0 0.6861111111111111 0.4876543209876543 0.13333333333333333 0.3876543209876543
0 0.45833333333333337 0.7617283950617284 0.30833333333333335 0.4567901234567901
0 0.3527777777777778 0.7938271604938272 0.24444444444444446 0.4024691358024691
2 0.2555555555555556 0.19753086419753085 0.15 0.21728395061728395
0 0.20069444444444445 0.737037037037037 0.16805555555555557 0.36296296296296293
1 0.10208333333333333 0.5518518518518518 0.2013888888888889 0.47160493827160493
2 0.17916666666666667 0.35432098765432096 0.1527777777777778 0.19999999999999998
0 0.29444444444444445 0.4839506172839506 0.22222222222222224 0.24691358024691357
0 0.39375 0.3333333333333333 0.1125 0.1728395061728395
2 0.06319444444444444 0.8444444444444444 0.12361111111111112 0.2716049382716049
0 0.3416666666666667 0.1259259259259259 0.125 0.20246913580246914
1 0.2673611111111111 0.056790123456790124 0.09305555555555556 0.10864197530864197
