0 0.9520833333333334 0.10617283950617283 0.08750000000000001 0.2074074074074074
0 0.6118055555555556 0.12469135802469136 0.21805555555555556 0.18518518518518517
1 0.8020833333333334 0.1345679012345679 0.2263888888888889 0.2641975308641975
1 0.39166666666666666 0.056790123456790124 0.12222222222222223 0.10864197530864197
2 0.5569444444444445 0.2814814814814815 0.18333333333333335 0.21728395061728395
1 0.34444444444444444 0.28518518518518515 0.20833333333333334 0.29876543209876544
1 0.3715277777777778 0.5061728395061729 0.19861111111111113 0.3259259259259259
0 0.775 0.41728395061728396 0.33055555555555555 0.45925925925925926
0 0.49236111111111114 0.5024691358024691 0.13472222222222222 0.437037037037037
0 0.24305555555555555 0.7728395061728395 0.26944444444444443 0.454320987654321
0 0.11111111111111112 0.7975308641975308 0.20833333333333334 0.4049382716049383
2 0.14791666666666667 0.23703703703703705 0.16527777777777777 0.23703703703703705
0 0.23541666666666666 0.38271604938271603 0.1125 0.1728395061728395
2 0.06180555555555556 0.4074074074074074 0.12083333333333333 0.2617283950617284
1 0.18888888888888888 0.07037037037037037 0.11111111111111112 0.13580246913580246
0 0.95625 0.3333333333333333 0.08750000000000001 0.291358024691358
0 0.9784722222222223 0.6 0.043055555555555555 0.18271604938271604
0 0.11875000000000001 0.4876543209876543 0.2125 0.3135802469135802
0 0.23611111111111113 0.13580246913580246 0.09166666666666667 0.15308641975308643
