0 0.6944444444444444 0.09999999999999999 0.2555555555555556 0.18024691358024691
1 0.8965277777777778 0.10740740740740741 0.1875 0.20987654320987653
1 0.4444444444444445 0.037037037037037035 0.12222222222222223 0.0691358024691358
2 0.6381944444444445 0.24444444444444444 0.18194444444444446 0.21728395061728395
1 0.42430555555555555 0.25925925925925924 0.17916666666666667 0.2419753086419753
1 0.4625 0.4580246913580247 0.23611111111111113 0.3925925925925926
0 0.857638888888889 0.3790123456790123 0.2763888888888889 0.47160493827160493
0 0.6180555555555556 0.47530864197530864 0.13333333333333333 0.3876543209876543
0 0.34652777777777777 0.7506172839506172 0.2652777777777778 0.4839506172839506
0 0.25069444444444444 0.7950617283950617 0.23194444444444445 0.39999999999999997
2 0.2215277777777778 0.19506172839506172 0.14305555555555557 0.19753086419753085
0 0.19444444444444445 0.48641975308641977 0.23055555555555557 0.23209876543209876
0 0.3180555555555556 0.345679012345679 0.11388888888888889 0.1728395061728395
1 0.06666666666666667 0.519753086419753 0.13055555555555556 0.4271604938271605
2 0.12083333333333333 0.3814814814814815 0.15833333333333333 0.25925925925925924
0 0.10972222222222222 0.7345679012345678 0.21666666666666667 0.4469135802469136
0 0.29097222222222224 0.1111111111111111 0.10694444444444445 0.1728395061728395
1 0.2326388888888889 0.053086419753086415 0.11527777777777778 0.10123456790123457
