2 0.8618055555555556 0.38641975308641974 0.16805555555555557 0.2691358024691358
1 0.9305555555555556 0.8222222222222222 0.13055555555555556 0.345679012345679
1 0.5916666666666667 0.3765432098765432 0.15555555555555556 0.2839506172839506
2 0.3180555555555556 0.7185185185185186 0.16944444444444445 0.24691358024691357
1 0.53125 0.5876543209876544 0.17083333333333334 0.25679012345679014
1 0.10972222222222222 0.9160493827160494 0.2 0.16790123456790124
2 0.2729166666666667 0.30493827160493825 0.11527777777777778 0.18024691358024691
2 0.7312500000000001 0.23333333333333334 0.12916666666666668 0.19999999999999998
1 0.20902777777777778 0.3802469135802469 0.10972222222222222 0.21234567901234566
1 0.03958333333333333 0.41358024691358025 0.0763888888888889 0.1654320987654321
0 0.3611111111111111 0.3592592592592593 0.07222222222222223 0.18024691358024691
1 0.3888888888888889 0.14814814814814814 0.09722222222222222 0.16296296296296295
1 0.2152777777777778 0.19999999999999998 0.075 0.1037037037037037
1 0.49930555555555556 0.1580246913580247 0.09583333333333334 0.12345679012345678
1 0.07361111111111111 0.2777777777777778 0.10555555555555556 0.17037037037037037
0 0.058333333333333334 0.5691358024691358 0.11388888888888889 0.2641975308641975
0 0.3791666666666667 0.571604938271605 0.2138888888888889 0.17530864197530863
1 0.46805555555555556 0.05802469135802469 0.08611111111111111 0.10617283950617283
1 0.6305555555555555 0.18024691358024691 0.09166666666666667 0.10864197530864197
2 0.9444444444444445 0.1691358024691358 0.09722222222222222 0.13580246913580246
1 0.6680555555555556 0.08888888888888889 0.10555555555555556 0.13333333333333333
0 0.6513888888888889 0.6148148148148148 0.14444444444444446 0.2962962962962963
0 0.41805555555555557 0.23703703703703705 0.13055555555555556 0.12839506172839507
1 0.09583333333333334 0.7432098765432099 0.18055555555555555 0.2419753086419753
0 0.7256944444444444 0.8407407407407407 0.28750000000000003 0.20493827160493827
0 0.43125 0.8617283950617284 0.12916666666666668 0.2765432098765432
0 0.5513888888888889 0.8506172839506173 0.11944444444444445 0.29876543209876544
0 0.23819444444444446 0.8358024691358025 0.14305555555555557 0.32839506172839505
0 0.16736111111111113 0.5864197530864197 0.14027777777777778 0.14074074074074075
0 0.8006944444444445 0.562962962962963 0.1763888888888889 0.25679012345679014
2 0.7333333333333334 0.39382716049382716 0.11666666666666667 0.17037037037037037
2 0.29930555555555555 0.16666666666666666 0.09027777777777778 0.13580246913580246
1 0.5930555555555556 0.046913580246913576 0.08611111111111111 0.08888888888888889
0 0.12569444444444444 0.3765432098765432 0.10416666666666667 0.19999999999999998
2 0.08819444444444445 0.18888888888888888 0.10138888888888889 0.09135802469135802
1 0.04166666666666667 0.14938271604938272 0.08055555555555556 0.1259259259259259
