1 0.8618055555555556 0.14938271604938272 0.21805555555555556 0.2938271604938272
1 0.9326388888888889 0.3074074074074074 0.13472222222222222 0.3728395061728395
2 0.5020833333333333 0.18641975308641975 0.17916666666666667 0.24444444444444444
0 0.8347222222222223 0.7864197530864198 0.33055555555555555 0.4271604938271605
1 0.5388888888888889 0.6802469135802469 0.36388888888888893 0.6395061728395062
2 0.48125 0.3925925925925926 0.19583333333333333 0.2716049382716049
1 0.2625 0.7296296296296296 0.3194444444444445 0.5358024691358024
0 0.6527777777777778 0.4506172839506173 0.15555555555555556 0.2641975308641975
0 0.7215277777777778 0.254320987654321 0.13194444444444445 0.2765432098765432
0 0.051388888888888894 0.12345679012345678 0.1 0.2271604938271605
2 0.15555555555555556 0.08395061728395062 0.16111111111111112 0.16296296296296295
0 0.5618055555555556 0.10617283950617283 0.18194444444444446 0.2074074074074074
0 0.9034722222222222 0.5580246913580247 0.1902777777777778 0.23209876543209876
