2 0.8958333333333334 0.056790123456790124 0.18333333333333335 0.10864197530864197
1 0.6375000000000001 0.13950617283950617 0.2111111111111111 0.2740740740740741
1 0.7493055555555556 0.27530864197530863 0.23750000000000002 0.3925925925925926
0 0.9263888888888889 0.30246913580246915 0.125 0.3876543209876543
0 0.7340277777777778 0.5950617283950617 0.4236111111111111 0.35061728395061725
0 0.8006944444444445 0.7814814814814814 0.39861111111111114 0.437037037037037
2 0.3805555555555556 0.12222222222222222 0.16666666666666669 0.19506172839506172
0 0.4791666666666667 0.6864197530864198 0.24166666666666667 0.37037037037037035
1 0.26805555555555555 0.5345679012345679 0.275 0.5604938271604938
2 0.3236111111111111 0.3172839506172839 0.1638888888888889 0.22469135802469134
2 0.25972222222222224 0.8567901234567901 0.23055555555555557 0.26666666666666666
1 0.08472222222222223 0.6320987654320988 0.16666666666666669 0.49382716049382713
0 0.45069444444444445 0.3802469135802469 0.17083333333333334 0.26666666666666666
0 0.5270833333333333 0.20864197530864198 0.10694444444444445 0.28888888888888886
0 0.47361111111111115 0.937037037037037 0.18888888888888888 0.1259259259259259
2 0.0951388888888889 0.03827160493827161 0.12361111111111112 0.07160493827160494
