1 0.65625 0.1382716049382716 0.21805555555555556 0.2716049382716049
1 0.7972222222222223 0.28641975308641976 0.225 0.3950617283950617
0 0.7791666666666667 0.5987654320987654 0.40555555555555556 0.3037037037037037
0 0.8319444444444445 0.7493827160493827 0.33055555555555555 0.46172839506172836
2 0.38333333333333336 0.18395061728395062 0.16666666666666669 0.19506172839506172
0 0.5472222222222223 0.754320987654321 0.24722222222222223 0.41234567901234565
1 0.32569444444444445 0.5950617283950617 0.3041666666666667 0.5135802469135803
2 0.36458333333333337 0.3654320987654321 0.19583333333333333 0.21728395061728395
2 0.30833333333333335 0.8641975308641975 0.2611111111111111 0.2716049382716049
1 0.11319444444444444 0.7024691358024692 0.22361111111111112 0.5950617283950617
0 0.4965277777777778 0.44320987654320987 0.15694444444444444 0.2641975308641975
0 0.5645833333333333 0.24074074074074073 0.10138888888888889 0.2691358024691358
2 0.1 0.06790123456790123 0.14444444444444446 0.1308641975308642
0 0.44930555555555557 0.10493827160493827 0.15416666666666667 0.20493827160493827
0 0.951388888888889 0.2580246913580247 0.09722222222222222 0.3728395061728395
2 0.9027777777777778 0.05555555555555555 0.18888888888888888 0.10617283950617283
