2 0.9006944444444445 0.050617283950617285 0.18194444444444446 0.0962962962962963
1 0.6486111111111111 0.16049382716049382 0.22777777777777777 0.3160493827160494
1 0.7722222222222223 0.25925925925925924 0.275 0.4493827160493827
0 0.9368055555555556 0.30123456790123454 0.12083333333333333 0.39012345679012345
0 0.7277777777777779 0.5925925925925926 0.41944444444444445 0.345679012345679
0 0.8041666666666667 0.7555555555555555 0.38333333333333336 0.45925925925925926
2 0.38680555555555557 0.13209876543209875 0.16805555555555557 0.19506172839506172
0 0.5055555555555555 0.7160493827160493 0.22777777777777777 0.3654320987654321
1 0.27569444444444446 0.5493827160493827 0.29583333333333334 0.5604938271604938
2 0.3458333333333333 0.3148148148148148 0.1527777777777778 0.19999999999999998
2 0.26944444444444443 0.8469135802469135 0.20833333333333334 0.26666666666666666
1 0.09166666666666667 0.6432098765432098 0.18055555555555555 0.49135802469135803
0 0.45555555555555555 0.4308641975308642 0.16666666666666669 0.2641975308641975
0 0.5479166666666667 0.22469135802469134 0.10972222222222222 0.2419753086419753
0 0.4395833333333333 0.08765432098765431 0.14583333333333334 0.17037037037037037
