2 0.7993055555555556 0.1037037037037037 0.18194444444444446 0.20246913580246914
1 0.5583333333333333 0.15555555555555556 0.225 0.30123456790123454
1 0.6604166666666667 0.35061728395061725 0.2569444444444445 0.3753086419753086
0 0.9319444444444445 0.20617283950617282 0.13055555555555556 0.4074074074074074
0 0.8006944444444445 0.36419753086419754 0.13472222222222222 0.3876543209876543
0 0.6513888888888889 0.6493827160493827 0.3055555555555556 0.36049382716049383
0 0.6972222222222223 0.8024691358024691 0.5194444444444445 0.3950617283950617
2 0.3298611111111111 0.13703703703703704 0.18194444444444446 0.21481481481481482
0 0.34652777777777777 0.7098765432098765 0.19861111111111113 0.3432098765432099
1 0.17916666666666667 0.5444444444444444 0.22777777777777777 0.4666666666666667
2 0.2555555555555556 0.3172839506172839 0.1527777777777778 0.19999999999999998
2 0.13541666666666669 0.8197530864197531 0.20694444444444446 0.26666666666666666
0 0.35555555555555557 0.40987654320987654 0.2 0.26666666666666666
0 0.4666666666666667 0.24938271604938272 0.11111111111111112 0.19753086419753085
0 0.3965277777777778 0.10123456790123457 0.15416666666666667 0.19753086419753085
1 0.052083333333333336 0.5703703703703703 0.10138888888888889 0.4691358024691358
0 0.2743055555555556 0.9407407407407408 0.24305555555555555 0.11851851851851852
