1 0.8819444444444445 0.18518518518518517 0.23611111111111113 0.3654320987654321
2 0.5291666666666667 0.16419753086419753 0.16944444444444445 0.22962962962962963
0 0.8354166666666667 0.7901234567901234 0.3263888888888889 0.4049382716049383
1 0.6062500000000001 0.6888888888888889 0.37083333333333335 0.6222222222222222
2 0.5319444444444444 0.4037037037037037 0.18888888888888888 0.2641975308641975
1 0.3194444444444445 0.7098765432098765 0.3 0.5802469135802469
0 0.05277777777777778 0.13333333333333333 0.1 0.21234567901234566
2 0.16805555555555557 0.08271604938271605 0.11944444444444445 0.12098765432098765
0 0.7069444444444445 0.4419753086419753 0.15833333333333333 0.26666666666666666
0 0.7680555555555556 0.20987654320987653 0.1277777777777778 0.36049382716049383
0 0.9444444444444445 0.537037037037037 0.11111111111111112 0.20493827160493827
0 0.5840277777777778 0.1037037037037037 0.20972222222222223 0.20246913580246914
