1 0.9131944444444445 0.30617283950617286 0.1736111111111111 0.40987654320987654
2 0.5826388888888889 0.37160493827160496 0.20416666666666666 0.27901234567901234
1 0.7611111111111112 0.8222222222222222 0.3805555555555556 0.35555555555555557
2 0.6243055555555556 0.6419753086419753 0.22361111111111112 0.3259259259259259
1 0.5041666666666667 0.8888888888888888 0.23055555555555557 0.2222222222222222
0 0.0625 0.3037037037037037 0.10555555555555556 0.2814814814814815
2 0.1840277777777778 0.23950617283950618 0.1486111111111111 0.1925925925925926
1 0.5368055555555555 0.1962962962962963 0.21805555555555556 0.21481481481481482
0 0.6194444444444445 0.24567901234567902 0.23611111111111113 0.21975308641975308
0 0.78125 0.608641975308642 0.15694444444444444 0.3135802469135802
0 0.8388888888888889 0.4679012345679012 0.1638888888888889 0.19999999999999998
2 0.21666666666666667 0.05925925925925926 0.09722222222222222 0.11358024691358025
0 0.5951388888888889 0.09135802469135802 0.10694444444444445 0.16296296296296295
1 0.7097222222222223 0.07407407407407407 0.14166666666666666 0.14320987654320988
1 0.45833333333333337 0.07777777777777778 0.10277777777777779 0.15061728395061727
1 0.12638888888888888 0.12345679012345678 0.09722222222222222 0.1037037037037037
0 0.8243055555555556 0.23086419753086418 0.13194444444444445 0.28888888888888886
2 0.37083333333333335 0.04197530864197531 0.075 0.07901234567901234
