2 0.8506944444444445 0.08271604938271605 0.18194444444444446 0.16049382716049382
1 0.6069444444444445 0.1382716049382716 0.18055555555555555 0.23703703703703705
1 0.7152777777777778 0.2962962962962963 0.2111111111111111 0.37037037037037035
0 0.8666666666666667 0.3148148148148148 0.13333333333333333 0.3876543209876543
0 0.6743055555555556 0.6160493827160494 0.3736111111111111 0.34814814814814815
0 0.7534722222222222 0.8037037037037037 0.47361111111111115 0.3876543209876543
2 0.3527777777777778 0.11604938271604938 0.16666666666666669 0.1925925925925926
0 0.40694444444444444 0.6876543209876543 0.20833333333333334 0.3135802469135802
1 0.21041666666666667 0.5123456790123456 0.28194444444444444 0.5111111111111111
2 0.29930555555555555 0.3148148148148148 0.15416666666666667 0.19999999999999998
2 0.19305555555555556 0.7999999999999999 0.20833333333333334 0.26666666666666666
1 0.058333333333333334 0.6074074074074074 0.11388888888888889 0.49876543209876545
0 0.4027777777777778 0.42098765432098767 0.18611111111111112 0.2641975308641975
0 0.5097222222222222 0.21975308641975308 0.11111111111111112 0.2222222222222222
0 0.3576388888888889 0.9395061728395061 0.23472222222222222 0.12098765432098765
0 0.9625 0.13950617283950617 0.07222222222222223 0.2740740740740741
