2 0.23541666666666666 0.8592592592592593 0.19583333333333333 0.2716049382716049
1 0.7277777777777779 0.8592592592592593 0.2138888888888889 0.2814814814814815
1 0.9319444444444445 0.6222222222222222 0.13055555555555556 0.3259259259259259
1 0.5895833333333333 0.5753086419753086 0.1513888888888889 0.2518518518518518
0 0.7694444444444445 0.6555555555555556 0.18611111111111112 0.3530864197530864
2 0.25 0.5148148148148148 0.1277777777777778 0.16049382716049382
1 0.7284722222222223 0.4111111111111111 0.12638888888888888 0.15555555555555556
1 0.35000000000000003 0.4567901234567901 0.08888888888888889 0.14814814814814814
0 0.06458333333333334 0.6666666666666666 0.12638888888888888 0.1037037037037037
2 0.4534722222222222 0.4691358024691358 0.12638888888888888 0.14814814814814814
2 0.33263888888888893 0.30246913580246915 0.10138888888888889 0.12098765432098765
2 0.5791666666666667 0.345679012345679 0.1388888888888889 0.1382716049382716
2 0.7243055555555555 0.2876543209876543 0.11527777777777778 0.1654320987654321
0 0.08125 0.8728395061728395 0.15972222222222224 0.254320987654321
1 0.15416666666666667 0.6592592592592592 0.11388888888888889 0.17777777777777778
1 0.059722222222222225 0.5555555555555556 0.11666666666666667 0.12345679012345678
1 0.20902777777777778 0.43209876543209874 0.09305555555555556 0.13333333333333333
1 0.052083333333333336 0.40617283950617283 0.09583333333333334 0.18024691358024691
0 0.12430555555555556 0.4185185185185185 0.10694444444444445 0.17037037037037037
1 0.20347222222222222 0.32839506172839505 0.09305555555555556 0.09876543209876543
1 0.23125 0.22592592592592592 0.10694444444444445 0.1259259259259259
0 0.41111111111111115 0.29012345679012347 0.10555555555555556 0.145679012345679
0 0.3666666666666667 0.21234567901234566 0.07222222222222223 0.11358024691358025
1 0.5048611111111111 0.2691358024691358 0.08472222222222223 0.14814814814814814
1 0.5583333333333333 0.22098765432098766 0.075 0.1308641975308642
1 0.6152777777777778 0.15061728395061727 0.07777777777777778 0.14814814814814814
1 0.576388888888889 0.09135802469135802 0.058333333333333334 0.12345679012345678
1 0.5090277777777777 0.11728395061728394 0.06527777777777778 0.09135802469135802
1 0.4083333333333333 0.1259259259259259 0.08055555555555556 0.09876543209876543
1 0.6652777777777779 0.24074074074074073 0.08333333333333334 0.14074074074074075
2 0.5972222222222222 0.454320987654321 0.13333333333333333 0.12345679012345678
2 0.9097222222222222 0.4530864197530864 0.18055555555555555 0.20493827160493827
2 0.9069444444444444 0.3271604938271605 0.1388888888888889 0.16049382716049382
0 0.7979166666666667 0.2580246913580247 0.10694444444444445 0.21975308641975308
0 0.8145833333333333 0.11975308641975309 0.1125 0.19506172839506172
1 0.8958333333333334 0.1271604938271605 0.08055555555555556 0.15061728395061727
1 0.9555555555555556 0.2419753086419753 0.08888888888888889 0.1876543209876543
