2 0.6868055555555556 0.8925925925925926 0.23194444444444445 0.20987654320987653
2 0.1076388888888889 0.6888888888888889 0.1736111111111111 0.24691358024691357
1 0.5618055555555556 0.6530864197530865 0.2152777777777778 0.27901234567901234
1 0.7694444444444445 0.4148148148148148 0.18611111111111112 0.2962962962962963
0 0.71875 0.8160493827160493 0.28750000000000003 0.31851851851851853
1 0.45833333333333337 0.42098765432098767 0.1527777777777778 0.19506172839506172
0 0.6243055555555556 0.43950617283950616 0.16805555555555557 0.28641975308641976
0 0.9305555555555556 0.30246913580246915 0.13055555555555556 0.145679012345679
2 0.16180555555555556 0.391358024691358 0.10416666666666667 0.10617283950617283
1 0.607638888888889 0.24567901234567902 0.12638888888888888 0.15555555555555556
1 0.26805555555555555 0.3308641975308642 0.08888888888888889 0.14814814814814814
0 0.951388888888889 0.7753086419753086 0.09444444444444444 0.4444444444444444
2 0.3506944444444445 0.3432098765432099 0.12638888888888888 0.14814814814814814
2 0.26319444444444445 0.2074074074074074 0.10138888888888889 0.12345679012345678
2 0.48055555555555557 0.23086419753086418 0.10555555555555556 0.12098765432098765
2 0.7770833333333333 0.31234567901234567 0.1902777777777778 0.19999999999999998
2 0.6277777777777778 0.1654320987654321 0.1 0.1382716049382716
2 0.7631944444444445 0.17901234567901234 0.12083333333333333 0.1308641975308642
0 0.9111111111111111 0.16049382716049382 0.11111111111111112 0.1876543209876543
1 0.8381944444444445 0.10123456790123457 0.1513888888888889 0.19753086419753085
0 0.6868055555555556 0.12098765432098765 0.09861111111111112 0.16296296296296295
1 0.05277777777777778 0.5185185185185185 0.10277777777777779 0.17777777777777778
1 0.13194444444444445 0.30246913580246915 0.09166666666666667 0.12098765432098765
1 0.12986111111111112 0.21604938271604937 0.08472222222222223 0.0962962962962963
1 0.17222222222222222 0.12962962962962962 0.08611111111111111 0.11604938271604938
1 0.45208333333333334 0.13580246913580246 0.09305555555555556 0.1382716049382716
1 0.5354166666666667 0.05925925925925926 0.09583333333333334 0.11358024691358025
1 0.4340277777777778 0.03827160493827161 0.0763888888888889 0.07160493827160494
1 0.34861111111111115 0.04938271604938271 0.08055555555555556 0.09382716049382715
0 0.3479166666666667 0.18148148148148147 0.11527777777777778 0.1308641975308642
0 0.05277777777777778 0.30864197530864196 0.10277777777777779 0.17777777777777778
