2 0.8354166666666667 0.8864197530864197 0.26805555555555555 0.2222222222222222
2 0.18541666666666667 0.6987654320987654 0.19583333333333333 0.2617283950617284
1 0.6631944444444444 0.6395061728395062 0.2152777777777778 0.2814814814814815
1 0.8708333333333333 0.42098765432098767 0.20277777777777778 0.3728395061728395
0 0.8333333333333334 0.7790123456790123 0.31666666666666665 0.29876543209876544
1 0.5333333333333333 0.4037037037037037 0.1527777777777778 0.23950617283950618
0 0.7055555555555556 0.437037037037037 0.16666666666666669 0.28641975308641976
2 0.20555555555555557 0.3765432098765432 0.11944444444444445 0.11604938271604938
1 0.6868055555555556 0.2382716049382716 0.12638888888888888 0.15555555555555556
1 0.31180555555555556 0.32839506172839505 0.10972222222222222 0.20246913580246914
2 0.4215277777777778 0.3333333333333333 0.12638888888888888 0.14814814814814814
2 0.29930555555555555 0.17160493827160495 0.10138888888888889 0.12098765432098765
2 0.5354166666666667 0.22592592592592592 0.10694444444444445 0.12098765432098765
0 0.05277777777777778 0.7876543209876543 0.10277777777777779 0.40987654320987654
1 0.10902777777777778 0.5271604938271605 0.12083333333333333 0.18024691358024691
0 0.18333333333333335 0.5024691358024691 0.06944444444444445 0.18518518518518517
1 0.17430555555555557 0.3 0.09027777777777778 0.1308641975308642
0 0.08611111111111111 0.30617283950617286 0.10833333333333334 0.1876543209876543
1 0.16875 0.22098765432098766 0.09027777777777778 0.08148148148148147
1 0.18819444444444444 0.10987654320987654 0.09583333333333334 0.13580246913580246
0 0.38333333333333336 0.1567901234567901 0.11111111111111112 0.13580246913580246
1 0.48888888888888893 0.11358024691358025 0.12222222222222223 0.17777777777777778
2 0.8611111111111112 0.28518518518518515 0.21944444444444444 0.18518518518518517
2 0.8333333333333334 0.17160493827160495 0.1 0.145679012345679
0 0.7597222222222223 0.10493827160493827 0.11111111111111112 0.18024691358024691
2 0.6875 0.15185185185185185 0.11944444444444445 0.1259259259259259
1 0.6256944444444444 0.10493827160493827 0.10416666666666667 0.14074074074074075
