1 0.9395833333333333 0.4925925925925926 0.12083333333333333 0.41728395061728396
2 0.59375 0.6234567901234568 0.24305555555555555 0.3728395061728395
2 0.6763888888888889 0.8901234567901234 0.2888888888888889 0.21975308641975308
0 0.03125 0.5703703703703703 0.059722222222222225 0.30123456790123454
2 0.13611111111111113 0.4679012345679012 0.1527777777777778 0.20987654320987653
1 0.5118055555555556 0.4012345679012346 0.21805555555555556 0.21481481481481482
1 0.7034722222222223 0.17777777777777778 0.1736111111111111 0.2962962962962963
0 0.6277777777777778 0.46543209876543207 0.28055555555555556 0.2691358024691358
1 0.4277777777777778 0.2111111111111111 0.1527777777777778 0.19506172839506172
0 0.8527777777777779 0.8679012345679012 0.22222222222222224 0.2641975308641975
0 0.9083333333333333 0.7320987654320987 0.17777777777777778 0.29876543209876544
2 0.3388888888888889 0.17407407407407408 0.10277777777777779 0.11604938271604938
2 0.26805555555555555 0.06666666666666667 0.10277777777777779 0.09876543209876543
2 0.45763888888888893 0.06790123456790123 0.09583333333333334 0.10123456790123457
2 0.17291666666666666 0.24074074074074073 0.12361111111111112 0.09135802469135802
0 0.8569444444444445 0.07777777777777778 0.15555555555555556 0.15061728395061727
0 0.5625 0.20617283950617282 0.14444444444444446 0.24444444444444444
1 0.07083333333333333 0.3382716049382716 0.09722222222222222 0.12345679012345678
1 0.14027777777777778 0.17407407407407408 0.09722222222222222 0.1259259259259259
1 0.25416666666666665 0.18395061728395062 0.08611111111111111 0.15061728395061727
0 0.07222222222222223 0.1728395061728395 0.08611111111111111 0.14320987654320988
0 0.85 0.44320987654320987 0.15833333333333333 0.3382716049382716
1 0.5625 0.07407407407407407 0.13333333333333333 0.14320987654320988
