2 0.7479166666666667 0.8827160493827161 0.28750000000000003 0.2345679012345679
2 0.13819444444444445 0.6728395061728395 0.18194444444444446 0.254320987654321
1 0.6055555555555556 0.6419753086419753 0.21666666666666667 0.2814814814814815
1 0.8138888888888889 0.41234567901234565 0.18611111111111112 0.3308641975308642
0 0.7819444444444444 0.7950617283950617 0.3527777777777778 0.30617283950617286
1 0.4930555555555556 0.4037037037037037 0.1527777777777778 0.19506172839506172
0 0.6520833333333333 0.4444444444444444 0.16805555555555557 0.28641975308641976
0 0.9548611111111112 0.30123456790123454 0.09027777777777778 0.19753086419753085
2 0.1763888888888889 0.3765432098765432 0.10277777777777779 0.10617283950617283
1 0.6368055555555556 0.24320987654320989 0.12638888888888888 0.15555555555555556
1 0.2833333333333333 0.3259259259259259 0.08888888888888889 0.14814814814814814
0 0.976388888888889 0.7950617283950617 0.044444444444444446 0.4049382716049383
2 0.3770833333333333 0.3333333333333333 0.12638888888888888 0.14814814814814814
2 0.2729166666666667 0.1765432098765432 0.10138888888888889 0.12098765432098765
2 0.50625 0.20246913580246914 0.11527777777777778 0.11851851851851852
0 0.9284722222222223 0.15925925925925927 0.10972222222222222 0.18024691358024691
1 0.8583333333333334 0.10987654320987654 0.15 0.21481481481481482
2 0.8076388888888889 0.291358024691358 0.19305555555555556 0.16296296296296295
2 0.8055555555555556 0.18395061728395062 0.14166666666666666 0.13580246913580246
2 0.65 0.1580246913580247 0.09722222222222222 0.10864197530864197
0 0.7159722222222222 0.12222222222222222 0.10972222222222222 0.19506172839506172
1 0.6062500000000001 0.1111111111111111 0.1125 0.12839506172839507
1 0.5402777777777777 0.05925925925925926 0.09444444444444444 0.11358024691358025
1 0.45833333333333337 0.11851851851851852 0.10555555555555556 0.1382716049382716
2 0.5166666666666667 0.31234567901234567 0.11944444444444445 0.10123456790123457
0 0.35625 0.16666666666666666 0.12083333333333333 0.1308641975308642
1 0.06319444444444444 0.49506172839506174 0.12361111111111112 0.19012345679012346
0 0.035416666666666666 0.7382716049382716 0.06805555555555556 0.3358024691358025
1 0.13611111111111113 0.2802469135802469 0.10277777777777779 0.15061728395061727
0 0.05486111111111111 0.31234567901234567 0.10138888888888889 0.19506172839506172
1 0.17430555555555557 0.12098765432098765 0.09305555555555556 0.1382716049382716
1 0.35347222222222224 0.03950617283950617 0.08194444444444444 0.07407407407407407
