2 0.6694444444444445 0.8641975308641975 0.23333333333333334 0.26666666666666666
2 0.10069444444444445 0.6641975308641975 0.16527777777777777 0.2518518518518518
1 0.5291666666666667 0.6222222222222222 0.21666666666666667 0.2814814814814815
1 0.7493055555555556 0.3876543209876543 0.15416666666666667 0.2419753086419753
0 0.6881944444444444 0.7469135802469136 0.28750000000000003 0.31851851851851853
1 0.44027777777777777 0.3888888888888889 0.1638888888888889 0.23950617283950618
0 0.6083333333333334 0.4185185185185185 0.16666666666666669 0.2839506172839506
0 0.9166666666666667 0.2617283950617284 0.13055555555555556 0.14320987654320988
2 0.15069444444444444 0.35802469135802467 0.13194444444444445 0.12839506172839507
1 0.5979166666666667 0.23086419753086418 0.12638888888888888 0.15555555555555556
1 0.25833333333333336 0.3259259259259259 0.08888888888888889 0.14814814814814814
0 0.9402777777777778 0.7580246913580246 0.11666666666666667 0.47901234567901235
2 0.3493055555555556 0.3259259259259259 0.12638888888888888 0.14814814814814814
2 0.2555555555555556 0.18395061728395062 0.10277777777777779 0.12098765432098765
2 0.4715277777777778 0.2037037037037037 0.10694444444444445 0.12098765432098765
1 0.8027777777777778 0.09012345679012346 0.11944444444444445 0.17530864197530863
0 0.8854166666666667 0.1271604938271605 0.13194444444444445 0.17530864197530863
2 0.6229166666666667 0.13580246913580246 0.10694444444444445 0.11851851851851852
0 0.6659722222222223 0.09999999999999999 0.11527777777777778 0.17530864197530863
1 0.04930555555555556 0.48148148148148145 0.09583333333333334 0.13333333333333333
1 0.4395833333333333 0.11358024691358025 0.1125 0.1876543209876543
1 0.5256944444444445 0.053086419753086415 0.07083333333333333 0.10123456790123457
1 0.10972222222222222 0.2691358024691358 0.09166666666666667 0.14814814814814814
