0 0.9423611111111111 0.891358024691358 0.11527777777777778 0.21728395061728395
2 0.31180555555555556 0.7296296296296296 0.15694444444444444 0.21975308641975308
2 0.6180555555555556 0.7666666666666666 0.14722222222222223 0.2691358024691358
2 0.9118055555555555 0.5320987654320988 0.1763888888888889 0.20493827160493827
2 0.7881944444444444 0.7333333333333333 0.17916666666666667 0.2074074074074074
2 0.3902777777777778 0.41358024691358025 0.11111111111111112 0.14074074074074075
1 0.8145833333333333 0.8925925925925926 0.1875 0.21481481481481482
1 0.9305555555555556 0.6876543209876543 0.13611111111111113 0.19506172839506172
1 0.4743055555555556 0.7185185185185186 0.14583333333333334 0.26666666666666666
1 0.6319444444444444 0.3790123456790123 0.11666666666666667 0.16049382716049382
1 0.23055555555555557 0.9395061728395061 0.1388888888888889 0.10617283950617283
2 0.732638888888889 0.5641975308641975 0.14305555555555557 0.18518518518518517
1 0.07361111111111111 0.8012345679012346 0.14444444444444446 0.17037037037037037
1 0.24305555555555555 0.5901234567901235 0.13055555555555556 0.16790123456790124
0 0.1451388888888889 0.5259259259259259 0.1125 0.2271604938271605
2 0.48333333333333334 0.4074074074074074 0.12222222222222223 0.1580246913580247
0 0.25416666666666665 0.8481481481481481 0.20555555555555557 0.21975308641975308
0 0.09375 0.9382716049382716 0.18472222222222223 0.12345679012345678
0 0.4118055555555556 0.29753086419753083 0.11805555555555557 0.14074074074074075
0 0.9493055555555556 0.3950617283950617 0.10138888888888889 0.13333333333333333
1 0.8083333333333333 0.4308641975308642 0.10277777777777779 0.16049382716049382
1 0.8472222222222222 0.35432098765432096 0.09444444444444444 0.12098765432098765
1 0.7159722222222222 0.3111111111111111 0.09583333333333334 0.1382716049382716
1 0.7305555555555556 0.23333333333333334 0.07777777777777778 0.10617283950617283
1 0.6673611111111112 0.19876543209876543 0.06805555555555556 0.11604938271604938
1 0.5875 0.09135802469135802 0.0638888888888889 0.1037037037037037
1 0.5902777777777778 0.20493827160493827 0.06944444444444445 0.07901234567901234
0 0.5541666666666667 0.291358024691358 0.13333333333333333 0.12345679012345678
1 0.4951388888888889 0.21975308641975308 0.07083333333333333 0.09876543209876543
1 0.4395833333333333 0.18518518518518517 0.05694444444444444 0.08888888888888889
1 0.37430555555555556 0.24444444444444444 0.06527777777777778 0.09876543209876543
1 0.4798611111111111 0.07901234567901234 0.051388888888888894 0.09876543209876543
1 0.24027777777777778 0.4382716049382716 0.08333333333333334 0.10617283950617283
1 0.0625 0.5209876543209876 0.11666666666666667 0.1925925925925926
1 0.2465277777777778 0.3111111111111111 0.07083333333333333 0.1037037037037037
1 0.28402777777777777 0.24814814814814815 0.059722222222222225 0.09135802469135802
1 0.20416666666666666 0.254320987654321 0.058333333333333334 0.07901234567901234
1 0.2263888888888889 0.19012345679012346 0.058333333333333334 0.08888888888888889
1 0.28750000000000003 0.15432098765432098 0.0638888888888889 0.09135802469135802
2 0.1701388888888889 0.3469135802469136 0.09305555555555556 0.10617283950617283
2 0.7229166666666667 0.06666666666666667 0.06805555555555556 0.08395061728395062
0 0.9680555555555556 0.27037037037037037 0.0638888888888889 0.15061728395061727
1 0.05625 0.22469135802469134 0.07083333333333333 0.09382716049382715
