0 0.9555555555555556 0.8679012345679012 0.08055555555555556 0.20493827160493827
2 0.3104166666666667 0.7407407407407407 0.16805555555555557 0.2222222222222222
2 0.6319444444444444 0.7469135802469136 0.15555555555555556 0.27901234567901234
2 0.9243055555555556 0.48148148148148145 0.14305555555555557 0.1876543209876543
2 0.8166666666666667 0.6962962962962963 0.15555555555555556 0.16296296296296295
2 0.37986111111111115 0.3962962962962963 0.10416666666666667 0.13580246913580246
1 0.8305555555555556 0.8864197530864197 0.13611111111111113 0.19753086419753085
1 0.9430555555555556 0.6641975308641975 0.10833333333333334 0.1925925925925926
1 0.47847222222222224 0.7037037037037037 0.15972222222222224 0.2814814814814815
1 0.63125 0.40987654320987654 0.11805555555555557 0.19753086419753085
1 0.23055555555555557 0.9444444444444444 0.1388888888888889 0.10123456790123457
2 0.7527777777777778 0.5234567901234568 0.125 0.18271604938271604
1 0.06944444444444445 0.8296296296296296 0.13611111111111113 0.18271604938271604
1 0.23680555555555557 0.5901234567901235 0.12916666666666668 0.16790123456790124
0 0.11944444444444445 0.5703703703703703 0.17777777777777778 0.30123456790123454
2 0.48055555555555557 0.3790123456790123 0.11666666666666667 0.19012345679012346
0 0.24722222222222223 0.8666666666666667 0.23333333333333334 0.26666666666666666
0 0.0951388888888889 0.9358024691358025 0.1875 0.12839506172839507
0 0.40347222222222223 0.2802469135802469 0.1125 0.1308641975308642
0 0.5347222222222222 0.4222222222222222 0.09444444444444444 0.14320987654320988
0 0.9604166666666667 0.3358024691358025 0.07916666666666666 0.10864197530864197
1 0.8333333333333334 0.37037037037037035 0.14444444444444446 0.1876543209876543
1 0.6798611111111111 0.3172839506172839 0.08472222222222223 0.15555555555555556
1 0.7444444444444445 0.2728395061728395 0.07222222222222223 0.14074074074074075
1 0.7368055555555556 0.18888888888888888 0.07083333333333333 0.07654320987654321
1 0.6652777777777779 0.16790123456790124 0.075 0.13333333333333333
1 0.5972222222222222 0.17407407407407408 0.06666666666666667 0.0962962962962963
1 0.5833333333333334 0.05802469135802469 0.061111111111111116 0.09135802469135802
1 0.4840277777777778 0.1925925925925926 0.06805555555555556 0.10864197530864197
1 0.43194444444444446 0.15432098765432098 0.061111111111111116 0.09135802469135802
1 0.3590277777777778 0.21975308641975308 0.0763888888888889 0.11358024691358025
1 0.2263888888888889 0.42839506172839503 0.10277777777777779 0.14074074074074075
1 0.044444444444444446 0.5358024691358024 0.08611111111111111 0.24691358024691357
2 0.15972222222222224 0.3419753086419753 0.09722222222222222 0.08641975308641975
1 0.19444444444444445 0.24938271604938272 0.07222222222222223 0.11358024691358025
1 0.23750000000000002 0.2962962962962963 0.06944444444444445 0.11358024691358025
1 0.27847222222222223 0.2419753086419753 0.0625 0.1037037037037037
1 0.2826388888888889 0.1617283950617284 0.0625 0.09135802469135802
1 0.2513888888888889 0.12222222222222222 0.05277777777777778 0.09135802469135802
1 0.2013888888888889 0.17037037037037037 0.05555555555555556 0.08888888888888889
2 0.71875 0.03950617283950617 0.07916666666666666 0.07407407407407407
1 0.04097222222222222 0.22839506172839505 0.07916666666666666 0.11604938271604938
1 0.4743055555555556 0.05432098765432099 0.08194444444444444 0.09876543209876543
