0 0.8965277777777778 0.8382716049382716 0.2013888888888889 0.31851851851851853
2 0.29444444444444445 0.6666666666666666 0.14444444444444446 0.1925925925925926
2 0.5680555555555555 0.6765432098765432 0.13333333333333333 0.23703703703703705
2 0.851388888888889 0.4839506172839506 0.1388888888888889 0.15308641975308643
2 0.7208333333333333 0.6592592592592592 0.14166666666666666 0.14814814814814814
2 0.3680555555555556 0.3691358024691358 0.09166666666666667 0.1308641975308642
1 0.7458333333333333 0.8444444444444444 0.16666666666666669 0.2962962962962963
1 0.8756944444444444 0.6296296296296297 0.15416666666666667 0.1925925925925926
1 0.9847222222222223 0.2802469135802469 0.025 0.15061728395061727
1 0.44097222222222227 0.6246913580246913 0.12361111111111112 0.2271604938271605
1 0.5784722222222223 0.36296296296296293 0.08194444444444444 0.1728395061728395
1 0.20833333333333334 0.8876543209876543 0.16111111111111112 0.20987654320987653
2 0.9881944444444445 0.5098765432098765 0.018055555555555557 0.16049382716049382
2 0.6798611111111111 0.49753086419753084 0.1375 0.18518518518518517
1 0.07291666666666667 0.7185185185185186 0.14305555555555557 0.18271604938271604
1 0.23402777777777778 0.5234567901234568 0.14305555555555557 0.1728395061728395
0 0.13402777777777777 0.49382716049382713 0.1125 0.2271604938271605
2 0.46597222222222223 0.3654320987654321 0.1125 0.14320987654320988
0 0.21458333333333335 0.7506172839506172 0.17083333333333334 0.1580246913580247
0 0.3027777777777778 0.8839506172839506 0.05277777777777778 0.23209876543209876
0 0.08055555555555556 0.8481481481481481 0.15833333333333333 0.15555555555555556
1 0.22916666666666669 0.40987654320987654 0.07777777777777778 0.11358024691358025
1 0.043055555555555555 0.537037037037037 0.08333333333333334 0.15555555555555556
1 0.06805555555555556 0.42839506172839503 0.075 0.10123456790123457
2 0.17083333333333334 0.3160493827160494 0.075 0.1037037037037037
1 0.24027777777777778 0.27901234567901234 0.06944444444444445 0.09382716049382715
1 0.19305555555555556 0.2271604938271605 0.061111111111111116 0.09382716049382715
1 0.2763888888888889 0.22839506172839505 0.05555555555555556 0.08148148148148147
1 0.22222222222222224 0.1617283950617284 0.05555555555555556 0.0962962962962963
1 0.27847222222222223 0.15061728395061727 0.05694444444444444 0.08395061728395062
1 0.2520833333333333 0.10493827160493827 0.05694444444444444 0.10617283950617283
0 0.4979166666666667 0.408641975308642 0.10416666666666667 0.11604938271604938
0 0.39305555555555555 0.26666666666666666 0.10277777777777779 0.09876543209876543
1 0.35555555555555557 0.21728395061728395 0.07222222222222223 0.10864197530864197
1 0.46111111111111114 0.18271604938271604 0.06944444444444445 0.10864197530864197
1 0.5618055555555556 0.1765432098765432 0.07083333333333333 0.0962962962962963
1 0.6368055555555556 0.15925925925925927 0.059722222222222225 0.1259259259259259
1 0.6895833333333333 0.22592592592592592 0.06805555555555556 0.145679012345679
1 0.6444444444444445 0.3172839506172839 0.06666666666666667 0.15061728395061727
1 0.7680555555555556 0.3790123456790123 0.10555555555555556 0.14074074074074075
1 0.56875 0.06666666666666667 0.06527777777777778 0.08888888888888889
2 0.6965277777777779 0.04197530864197531 0.07916666666666666 0.07407407407407407
0 0.9152777777777779 0.40987654320987654 0.14722222222222223 0.2419753086419753
0 0.9381944444444444 0.28271604938271605 0.1125 0.25925925925925924
0 0.81875 0.2740740740740741 0.13194444444444445 0.12345679012345678
1 0.043750000000000004 0.1925925925925926 0.07916666666666666 0.10864197530864197
1 0.45625000000000004 0.06419753086419754 0.06527777777777778 0.09876543209876543
