0 0.8833333333333334 0.8074074074074074 0.225 0.37037037037037035
2 0.23958333333333334 0.619753086419753 0.14583333333333334 0.17777777777777778
2 0.5166666666666667 0.6172839506172839 0.14166666666666666 0.2222222222222222
2 0.9756944444444445 0.6444444444444445 0.04027777777777778 0.1925925925925926
2 0.8076388888888889 0.408641975308642 0.14027777777777778 0.15555555555555556
2 0.6694444444444445 0.5864197530864197 0.13611111111111113 0.1308641975308642
2 0.3493055555555556 0.3419753086419753 0.0763888888888889 0.10123456790123457
2 0.2833333333333333 0.9555555555555555 0.125 0.07407407407407407
1 0.6833333333333333 0.7530864197530864 0.16666666666666669 0.30123456790123454
1 0.9215277777777778 0.9567901234567902 0.15416666666666667 0.07160493827160494
1 0.9770833333333334 0.8061728395061728 0.0375 0.15555555555555556
1 0.8277777777777778 0.5432098765432098 0.15555555555555556 0.1728395061728395
1 0.9694444444444444 0.23086419753086418 0.05 0.17037037037037037
1 0.3854166666666667 0.591358024691358 0.12361111111111112 0.21481481481481482
1 0.5652777777777778 0.3148148148148148 0.11666666666666667 0.16049382716049382
1 0.12152777777777778 0.845679012345679 0.15972222222222224 0.2691358024691358
2 0.9701388888888889 0.4444444444444444 0.05416666666666667 0.16296296296296295
2 0.6402777777777778 0.43333333333333335 0.10833333333333334 0.145679012345679
0 0.10416666666666667 0.4876543209876543 0.14166666666666666 0.22962962962962963
0 0.2 0.9271604938271605 0.1388888888888889 0.145679012345679
0 0.23958333333333334 0.7901234567901234 0.05416666666666667 0.1876543209876543
0 0.1486111111111111 0.6864197530864198 0.14722222222222223 0.16296296296296295
0 0.06041666666666667 0.7950617283950617 0.11805555555555557 0.16296296296296295
0 0.36944444444444446 0.24814814814814815 0.075 0.10617283950617283
0 0.4548611111111111 0.36419753086419754 0.09583333333333334 0.16049382716049382
0 0.8770833333333333 0.3432098765432099 0.12638888888888888 0.19753086419753085
0 0.9111111111111111 0.21234567901234566 0.1277777777777778 0.2617283950617284
1 0.7347222222222223 0.3160493827160494 0.13333333333333333 0.1876543209876543
1 0.6138888888888889 0.14444444444444443 0.06666666666666667 0.11604938271604938
1 0.6569444444444444 0.22962962962962963 0.09166666666666667 0.15308641975308643
1 0.5465277777777778 0.16049382716049382 0.07361111111111111 0.10864197530864197
1 0.5493055555555556 0.06419753086419754 0.059722222222222225 0.08888888888888889
1 0.2125 0.508641975308642 0.12222222222222223 0.17777777777777778
1 0.19930555555555557 0.38641975308641974 0.0763888888888889 0.10123456790123457
1 0.22222222222222224 0.29012345679012347 0.06944444444444445 0.09135802469135802
1 0.19236111111111112 0.2382716049382716 0.07083333333333333 0.10123456790123457
1 0.2513888888888889 0.19999999999999998 0.06944444444444445 0.12345679012345678
1 0.33958333333333335 0.2074074074074074 0.07083333333333333 0.1037037037037037
1 0.43472222222222223 0.18024691358024691 0.10277777777777779 0.11851851851851852
1 0.4395833333333333 0.07037037037037037 0.08472222222222223 0.12098765432098765
1 0.044444444444444446 0.6617283950617284 0.08611111111111111 0.15308641975308643
1 0.030555555555555558 0.5148148148148148 0.058333333333333334 0.13580246913580246
