0 0.8854166666666667 0.8135802469135802 0.21805555555555556 0.35802469135802467
2 0.23680555555555557 0.6098765432098765 0.14583333333333334 0.1876543209876543
2 0.5069444444444444 0.6123456790123457 0.14722222222222223 0.2271604938271605
2 0.9701388888888889 0.6506172839506172 0.05416666666666667 0.20493827160493827
2 0.8041666666666667 0.3987654320987654 0.1388888888888889 0.15061728395061727
2 0.6715277777777778 0.5765432098765432 0.1375 0.14074074074074075
2 0.33958333333333335 0.32469135802469135 0.0763888888888889 0.10123456790123457
2 0.29583333333333334 0.9555555555555555 0.125 0.07407407407407407
1 0.6868055555555556 0.7506172839506172 0.16805555555555557 0.30123456790123454
1 0.9305555555555556 0.9629629629629629 0.13333333333333333 0.06419753086419754
1 0.9805555555555556 0.808641975308642 0.030555555555555558 0.15555555555555556
1 0.8368055555555556 0.5506172839506173 0.15416666666666667 0.18271604938271604
1 0.9743055555555556 0.24074074074074073 0.043055555555555555 0.1654320987654321
1 0.38958333333333334 0.5851851851851851 0.1513888888888889 0.2518518518518518
1 0.5680555555555555 0.29876543209876544 0.11666666666666667 0.16296296296296295
1 0.12222222222222223 0.854320987654321 0.17500000000000002 0.2419753086419753
2 0.9680555555555556 0.44320987654320987 0.058333333333333334 0.16049382716049382
2 0.6368055555555556 0.42839506172839503 0.11527777777777778 0.145679012345679
0 0.10277777777777779 0.4728395061728395 0.14444444444444446 0.22962962962962963
0 0.18541666666666667 0.9308641975308641 0.1375 0.1382716049382716
0 0.16111111111111112 0.6901234567901234 0.17500000000000002 0.14074074074074075
0 0.2423611111111111 0.7888888888888889 0.0763888888888889 0.19506172839506172
0 0.35625 0.22962962962962963 0.10138888888888889 0.12839506172839507
0 0.4375 0.37407407407407406 0.1277777777777778 0.17037037037037037
0 0.8625 0.3358024691358025 0.14166666666666666 0.19753086419753085
0 0.8972222222222223 0.2271604938271605 0.1277777777777778 0.26666666666666666
1 0.7270833333333334 0.31851851851851853 0.12361111111111112 0.1728395061728395
1 0.6569444444444444 0.2074074074074074 0.08611111111111111 0.1580246913580247
1 0.6069444444444445 0.13209876543209875 0.0638888888888889 0.1308641975308642
1 0.5437500000000001 0.16666666666666666 0.06527777777777778 0.10617283950617283
1 0.5395833333333333 0.050617283950617285 0.06805555555555556 0.0962962962962963
1 0.43680555555555556 0.16296296296296295 0.07916666666666666 0.09876543209876543
1 0.32430555555555557 0.1876543209876543 0.07361111111111111 0.09382716049382715
1 0.20416666666666666 0.22962962962962963 0.10277777777777779 0.12839506172839507
1 0.22916666666666669 0.1567901234567901 0.08888888888888889 0.12098765432098765
1 0.2569444444444445 0.1037037037037037 0.058333333333333334 0.08395061728395062
1 0.18611111111111112 0.48148148148148145 0.11388888888888889 0.15308641975308643
1 0.1875 0.36790123456790125 0.075 0.09382716049382715
1 0.04236111111111111 0.6592592592592592 0.08194444444444444 0.16790123456790124
1 0.04027777777777778 0.437037037037037 0.07777777777777778 0.2222222222222222
