2 0.33194444444444443 0.7925925925925926 0.18055555555555555 0.2518518518518518
2 0.6868055555555556 0.7888888888888889 0.16805555555555557 0.30864197530864196
2 0.9493055555555556 0.4728395061728395 0.09861111111111112 0.19012345679012346
2 0.8784722222222222 0.7506172839506172 0.20416666666666666 0.23209876543209876
2 0.3944444444444445 0.4185185185185185 0.11388888888888889 0.16049382716049382
1 0.9131944444444445 0.9049382716049382 0.16527777777777777 0.18518518518518517
1 0.5152777777777778 0.7506172839506172 0.16666666666666669 0.2814814814814815
1 0.6541666666666667 0.3765432098765432 0.11666666666666667 0.16049382716049382
2 0.7868055555555555 0.5469135802469136 0.16527777777777777 0.20493827160493827
1 0.07708333333333334 0.8901234567901234 0.1513888888888889 0.21975308641975308
1 0.25416666666666665 0.6185185185185185 0.13055555555555556 0.18518518518518517
0 0.10416666666666667 0.6308641975308642 0.1277777777777778 0.3135802469135802
2 0.5097222222222222 0.39382716049382716 0.11944444444444445 0.21481481481481482
0 0.26458333333333334 0.8975308641975308 0.2625 0.20493827160493827
1 0.058333333333333334 0.5555555555555556 0.11388888888888889 0.23703703703703705
1 0.23194444444444445 0.4666666666666667 0.1 0.11851851851851852
1 0.035416666666666666 0.2617283950617284 0.06805555555555556 0.1037037037037037
1 0.19722222222222224 0.2691358024691358 0.06666666666666667 0.09876543209876543
1 0.24930555555555556 0.3345679012345679 0.07361111111111111 0.10617283950617283
1 0.2791666666666667 0.254320987654321 0.0638888888888889 0.09876543209876543
2 0.16875 0.3814814814814815 0.09583333333333334 0.10617283950617283
1 0.21666666666666667 0.19753086419753085 0.05555555555555556 0.07901234567901234
1 0.2569444444444445 0.145679012345679 0.05 0.0691358024691358
1 0.37083333333333335 0.24567901234567902 0.06666666666666667 0.10123456790123457
1 0.8680555555555556 0.3802469135802469 0.125 0.1728395061728395
0 0.4222222222222222 0.2938271604938272 0.09444444444444444 0.11358024691358025
0 0.5729166666666667 0.2814814814814815 0.12638888888888888 0.12345679012345678
1 0.5930555555555556 0.07407407407407407 0.058333333333333334 0.1037037037037037
1 0.6062500000000001 0.18024691358024691 0.07361111111111111 0.10864197530864197
1 0.6826388888888889 0.15925925925925927 0.07083333333333333 0.13580246913580246
1 0.75625 0.19135802469135801 0.09583333333333334 0.09135802469135802
1 0.7104166666666667 0.32222222222222224 0.09305555555555556 0.15555555555555556
1 0.7715277777777778 0.2802469135802469 0.07361111111111111 0.1308641975308642
1 0.49375 0.20246913580246914 0.0625 0.11358024691358025
1 0.4465277777777778 0.17777777777777778 0.051388888888888894 0.08395061728395062
1 0.4756944444444445 0.08271604938271605 0.0763888888888889 0.0962962962962963
0 0.5645833333333333 0.4148148148148148 0.10416666666666667 0.23209876543209876
2 0.7319444444444445 0.043209876543209874 0.06944444444444445 0.08148148148148147
