2 0.5541666666666667 0.8691358024691358 0.24166666666666667 0.24691358024691357
2 0.9465277777777779 0.8419753086419753 0.09861111111111112 0.30617283950617286
2 0.5229166666666667 0.4308641975308642 0.15972222222222224 0.20493827160493827
1 0.7916666666666667 0.8333333333333334 0.22777777777777777 0.3333333333333333
1 0.8715277777777778 0.3950617283950617 0.14027777777777778 0.19753086419753085
2 0.9777777777777779 0.5160493827160494 0.03888888888888889 0.2074074074074074
1 0.20555555555555557 0.9543209876543209 0.18055555555555555 0.08148148148148147
1 0.3923611111111111 0.7259259259259259 0.2013888888888889 0.34074074074074073
0 0.20416666666666666 0.7283950617283951 0.1638888888888889 0.40987654320987654
2 0.6722222222222223 0.4185185185185185 0.13611111111111113 0.22962962962962963
0 0.7659722222222223 0.4222222222222222 0.07083333333333333 0.3160493827160494
0 0.5194444444444445 0.32839506172839505 0.1638888888888889 0.21234567901234566
2 0.23055555555555557 0.42098765432098767 0.11944444444444445 0.10617283950617283
2 0.6854166666666667 0.22098765432098766 0.10138888888888889 0.1111111111111111
0 0.7506944444444444 0.24567901234567902 0.1736111111111111 0.10617283950617283
2 0.3013888888888889 0.662962962962963 0.09444444444444444 0.21481481481481482
0 0.07152777777777779 0.41604938271604935 0.08750000000000001 0.16049382716049382
1 0.3263888888888889 0.5074074074074074 0.13055555555555556 0.17037037037037037
1 0.1513888888888889 0.22469135802469134 0.07222222222222223 0.11851851851851852
1 0.3180555555555556 0.3432098765432099 0.08333333333333334 0.13333333333333333
1 0.34652777777777777 0.2691358024691358 0.07361111111111111 0.10864197530864197
1 0.33611111111111114 0.1765432098765432 0.08055555555555556 0.11604938271604938
1 0.2611111111111111 0.20246913580246914 0.06944444444444445 0.1037037037037037
1 0.24722222222222223 0.3 0.06944444444444445 0.1111111111111111
1 0.07083333333333333 0.28888888888888886 0.07777777777777778 0.1037037037037037
1 0.09305555555555556 0.8012345679012346 0.15555555555555556 0.25925925925925924
1 0.12361111111111112 0.5950617283950617 0.13611111111111113 0.21234567901234566
1 0.46944444444444444 0.24938271604938272 0.07777777777777778 0.12839506172839507
1 0.5458333333333334 0.1580246913580247 0.07222222222222223 0.10864197530864197
1 0.6111111111111112 0.17777777777777778 0.08333333333333334 0.16296296296296295
1 0.7215277777777778 0.13703703703703704 0.09305555555555556 0.10123456790123457
1 0.8256944444444445 0.1111111111111111 0.08750000000000001 0.14814814814814814
1 0.9243055555555556 0.12098765432098765 0.09583333333333334 0.11358024691358025
1 0.9305555555555556 0.24938271604938272 0.1388888888888889 0.14320987654320988
1 0.55625 0.053086419753086415 0.08750000000000001 0.10123456790123457
1 0.68125 0.043209876543209874 0.07916666666666666 0.08148148148148147
