2 0.6368055555555556 0.7382716049382716 0.2652777777777778 0.37037037037037035
2 0.5590277777777778 0.2777777777777778 0.15694444444444444 0.19506172839506172
1 0.8909722222222223 0.6358024691358024 0.21805555555555556 0.46172839506172836
1 0.9361111111111111 0.17160493827160495 0.1277777777777778 0.16049382716049382
1 0.25416666666666665 0.9197530864197531 0.2555555555555556 0.145679012345679
1 0.43472222222222223 0.5654320987654321 0.2111111111111111 0.3753086419753086
0 0.21041666666666667 0.6246913580246913 0.1513888888888889 0.43950617283950616
2 0.7131944444444445 0.2506172839506173 0.1486111111111111 0.22469135802469134
0 0.5965277777777778 0.9024691358024691 0.43472222222222223 0.19506172839506172
0 0.826388888888889 0.22839506172839505 0.12222222222222223 0.27901234567901234
0 0.7826388888888889 0.07654320987654321 0.22361111111111112 0.14814814814814814
0 0.5402777777777777 0.18024691358024691 0.1638888888888889 0.23703703703703705
0 0.043750000000000004 0.3654320987654321 0.08472222222222223 0.11358024691358025
0 0.11597222222222223 0.23209876543209876 0.0763888888888889 0.07407407407407407
2 0.2263888888888889 0.3172839506172839 0.12222222222222223 0.11604938271604938
2 0.7027777777777778 0.07037037037037037 0.12222222222222223 0.13580246913580246
2 0.3215277777777778 0.528395061728395 0.09305555555555556 0.2222222222222222
1 0.10347222222222223 0.7012345679012345 0.1902777777777778 0.25679012345679014
1 0.12152777777777778 0.48518518518518516 0.16805555555555557 0.18518518518518517
1 0.3354166666666667 0.36296296296296293 0.12916666666666668 0.14814814814814814
1 0.23333333333333334 0.20617283950617282 0.06944444444444445 0.10617283950617283
1 0.3194444444444445 0.24567901234567902 0.10277777777777779 0.15061728395061727
1 0.34375 0.14444444444444443 0.09305555555555556 0.1111111111111111
1 0.25 0.12469135802469136 0.08333333333333334 0.10617283950617283
1 0.30625 0.05925925925925926 0.09861111111111112 0.09382716049382715
1 0.47222222222222227 0.09876543209876543 0.1 0.15308641975308643
1 0.6326388888888889 0.05185185185185185 0.08194444444444444 0.09876543209876543
1 0.5513888888888889 0.03950617283950617 0.08055555555555556 0.07407407407407407
1 0.036111111111111115 0.23580246913580247 0.06944444444444445 0.1111111111111111
1 0.12222222222222223 0.1580246913580247 0.075 0.07407407407407407
