2 0.5006944444444444 0.8703703703703703 0.23194444444444445 0.24938271604938272
2 0.9180555555555556 0.8333333333333334 0.15833333333333333 0.2839506172839506
2 0.5027777777777778 0.42592592592592593 0.13611111111111113 0.18024691358024691
1 0.7604166666666667 0.8308641975308642 0.25416666666666665 0.3382716049382716
1 0.8298611111111112 0.40617283950617283 0.13194444444444445 0.20987654320987653
2 0.9583333333333334 0.5320987654320988 0.075 0.21975308641975308
1 0.17569444444444446 0.945679012345679 0.19583333333333333 0.09876543209876543
1 0.35833333333333334 0.7148148148148148 0.18333333333333335 0.31851851851851853
0 0.18680555555555556 0.7049382716049383 0.1625 0.36296296296296293
2 0.6395833333333334 0.42962962962962964 0.14027777777777778 0.21234567901234566
0 0.5020833333333333 0.31234567901234567 0.14305555555555557 0.19506172839506172
0 0.05694444444444444 0.41975308641975306 0.09722222222222222 0.12839506172839507
0 0.7256944444444444 0.43950617283950616 0.08194444444444444 0.3358024691358025
0 0.7222222222222222 0.25555555555555554 0.17777777777777778 0.12098765432098765
2 0.2125 0.40987654320987654 0.11111111111111112 0.11851851851851852
2 0.65625 0.2185185185185185 0.09583333333333334 0.10617283950617283
1 0.30833333333333335 0.5061728395061729 0.11944444444444445 0.14814814814814814
1 0.07708333333333334 0.7703703703703704 0.1513888888888889 0.24691358024691357
1 0.10625 0.5864197530864197 0.12916666666666668 0.19012345679012346
1 0.058333333333333334 0.29753086419753083 0.08055555555555556 0.12098765432098765
1 0.14166666666666666 0.2271604938271605 0.06944444444444445 0.10864197530864197
1 0.2965277777777778 0.35432098765432096 0.08472222222222223 0.1259259259259259
1 0.33958333333333335 0.2654320987654321 0.07916666666666666 0.10617283950617283
1 0.3138888888888889 0.16296296296296295 0.08333333333333334 0.1037037037037037
1 0.25625000000000003 0.21975308641975308 0.059722222222222225 0.09876543209876543
1 0.23333333333333334 0.30246913580246915 0.05277777777777778 0.08148148148148147
1 0.4486111111111111 0.23950617283950618 0.08611111111111111 0.14320987654320988
1 0.8916666666666667 0.28888888888888886 0.11111111111111112 0.1580246913580247
1 0.9444444444444445 0.2234567901234568 0.08611111111111111 0.14074074074074075
1 0.9027777777777778 0.13950617283950617 0.09444444444444444 0.145679012345679
1 0.8111111111111111 0.11728395061728394 0.09444444444444444 0.15555555555555556
1 0.7208333333333333 0.14074074074074075 0.10277777777777779 0.1037037037037037
1 0.6034722222222223 0.17160493827160495 0.08750000000000001 0.17530864197530863
1 0.5284722222222222 0.1419753086419753 0.06527777777777778 0.12098765432098765
1 0.6666666666666667 0.043209876543209874 0.075 0.08148148148148147
1 0.5381944444444444 0.053086419753086415 0.07916666666666666 0.10123456790123457
2 0.26805555555555555 0.6604938271604938 0.10277777777777779 0.21481481481481482
