2 0.40069444444444446 0.8728395061728395 0.20416666666666666 0.24938271604938272
2 0.8104166666666667 0.8518518518518519 0.20972222222222223 0.28641975308641976
2 0.9368055555555556 0.8135802469135802 0.12361111111111112 0.254320987654321
2 0.44236111111111115 0.4679012345679012 0.12083333333333333 0.16049382716049382
1 0.6201388888888889 0.8395061728395061 0.19583333333333333 0.32098765432098764
1 0.7416666666666667 0.4407407407407407 0.11944444444444445 0.16049382716049382
2 0.9083333333333333 0.5888888888888889 0.15555555555555556 0.22469135802469134
1 0.11041666666666668 0.9333333333333333 0.19583333333333333 0.12345679012345678
1 0.3041666666666667 0.7246913580246913 0.14444444444444446 0.27901234567901234
0 0.15208333333333335 0.7098765432098765 0.14583333333333334 0.34814814814814815
2 0.5694444444444444 0.4469135802469136 0.11666666666666667 0.1876543209876543
1 0.05694444444444444 0.7567901234567901 0.11111111111111112 0.21975308641975308
1 0.09375 0.5925925925925926 0.10694444444444445 0.15308641975308643
1 0.2777777777777778 0.5333333333333333 0.11111111111111112 0.14814814814814814
0 0.25416666666666665 0.9506172839506173 0.11944444444444445 0.09876543209876543
0 0.45763888888888893 0.35555555555555557 0.12916666666666668 0.1580246913580247
0 0.6534722222222222 0.3382716049382716 0.1375 0.12345679012345678
2 0.775 0.046913580246913576 0.08055555555555556 0.08395061728395062
2 0.19236111111111112 0.43580246913580245 0.10972222222222222 0.1111111111111111
1 0.9486111111111112 0.3925925925925926 0.10277777777777779 0.23703703703703705
1 0.7881944444444444 0.3567901234567901 0.10972222222222222 0.15555555555555556
1 0.84375 0.30493827160493825 0.10416666666666667 0.16049382716049382
1 0.8222222222222223 0.2074074074074074 0.08055555555555556 0.08395061728395062
1 0.7506944444444444 0.19382716049382714 0.09583333333333334 0.145679012345679
1 0.6340277777777779 0.0962962962962963 0.06527777777777778 0.09876543209876543
1 0.6534722222222222 0.21481481481481482 0.08472222222222223 0.1037037037037037
2 0.6013888888888889 0.2839506172839506 0.09166666666666667 0.1037037037037037
1 0.545138888888889 0.2345679012345679 0.07361111111111111 0.1037037037037037
1 0.40972222222222227 0.28888888888888886 0.08055555555555556 0.10864197530864197
1 0.48958333333333337 0.22098765432098766 0.0763888888888889 0.10123456790123457
1 0.5173611111111112 0.07530864197530864 0.0763888888888889 0.12098765432098765
1 0.2701388888888889 0.37777777777777777 0.07916666666666666 0.11358024691358025
1 0.3125 0.3148148148148148 0.06666666666666667 0.09135802469135802
1 0.3041666666666667 0.20864197530864198 0.075 0.11604938271604938
1 0.24861111111111112 0.24691358024691357 0.058333333333333334 0.08888888888888889
1 0.22916666666666669 0.3296296296296296 0.08055555555555556 0.10617283950617283
1 0.06180555555555556 0.3234567901234568 0.07916666666666666 0.10864197530864197
1 0.1486111111111111 0.24938271604938272 0.06944444444444445 0.12345679012345678
0 0.05763888888888889 0.4222222222222222 0.08750000000000001 0.12345679012345678
0 0.6361111111111112 0.4679012345679012 0.10277777777777779 0.27901234567901234
