2 0.3763888888888889 0.8604938271604938 0.2111111111111111 0.2691358024691358
2 0.7520833333333333 0.8395061728395061 0.19583333333333333 0.30123456790123454
2 0.9243055555555556 0.8037037037037037 0.14583333333333334 0.254320987654321
2 0.4236111111111111 0.46172839506172836 0.11666666666666667 0.1580246913580247
1 0.9618055555555556 0.9518518518518518 0.06805555555555556 0.08148148148148147
1 0.5743055555555556 0.8012345679012346 0.1486111111111111 0.27901234567901234
1 0.7118055555555556 0.42592592592592593 0.11805555555555557 0.16049382716049382
2 0.8555555555555556 0.5790123456790124 0.15555555555555556 0.20987654320987653
1 0.08680555555555555 0.9061728395061728 0.16805555555555557 0.17777777777777778
1 0.2868055555555556 0.6679012345679012 0.12916666666666668 0.17037037037037037
0 0.1375 0.662962962962963 0.14166666666666666 0.3382716049382716
2 0.5416666666666667 0.43950617283950616 0.11666666666666667 0.1876543209876543
1 0.2576388888888889 0.5246913580246914 0.10416666666666667 0.14074074074074075
0 0.2715277777777778 0.9358024691358025 0.19305555555555556 0.12839506172839507
1 0.9236111111111112 0.3950617283950617 0.1527777777777778 0.2617283950617284
1 0.75625 0.34074074074074073 0.10694444444444445 0.15308641975308643
1 0.8097222222222222 0.28888888888888886 0.08333333333333334 0.1382716049382716
1 0.8020833333333334 0.21604938271604937 0.07916666666666666 0.12098765432098765
1 0.7229166666666667 0.18148148148148147 0.07361111111111111 0.15061728395061727
1 0.6159722222222223 0.08395061728395062 0.059722222222222225 0.10864197530864197
1 0.6395833333333334 0.20864197530864198 0.07916666666666666 0.10617283950617283
1 0.5291666666666667 0.22592592592592592 0.07222222222222223 0.12098765432098765
1 0.39583333333333337 0.2765432098765432 0.075 0.11358024691358025
1 0.4638888888888889 0.20864197530864198 0.05555555555555556 0.09135802469135802
0 0.4451388888888889 0.3296296296296296 0.13194444444444445 0.16049382716049382
0 0.6340277777777779 0.3148148148148148 0.12916666666666668 0.09135802469135802
2 0.7583333333333334 0.04814814814814815 0.07777777777777778 0.09135802469135802
2 0.1840277777777778 0.41604938271604935 0.10416666666666667 0.10123456790123457
0 0.05277777777777778 0.41604938271604935 0.09444444444444444 0.15061728395061727
1 0.035416666666666666 0.31234567901234567 0.06527777777777778 0.1111111111111111
1 0.12847222222222224 0.23209876543209876 0.0763888888888889 0.09876543209876543
1 0.26805555555555555 0.37037037037037035 0.07222222222222223 0.11851851851851852
1 0.21666666666666667 0.3135802469135802 0.06666666666666667 0.08888888888888889
1 0.29791666666666666 0.29012345679012347 0.059722222222222225 0.08148148148148147
1 0.22986111111111113 0.24320987654320989 0.0625 0.08148148148148147
1 0.29097222222222224 0.19012345679012346 0.07361111111111111 0.09876543209876543
1 0.4916666666666667 0.09753086419753086 0.058333333333333334 0.11604938271604938
0 0.6041666666666667 0.44814814814814813 0.10277777777777779 0.2345679012345679
