2 0.5840277777777778 0.7703703703703704 0.2513888888888889 0.3753086419753086
2 0.5361111111111111 0.3197530864197531 0.14722222222222223 0.18518518518518517
1 0.8555555555555556 0.691358024691358 0.2888888888888889 0.43950617283950616
1 0.8930555555555556 0.2740740740740741 0.13333333333333333 0.1580246913580247
1 0.2138888888888889 0.9111111111111111 0.325 0.17777777777777778
1 0.3993055555555556 0.6061728395061728 0.1902777777777778 0.35802469135802467
0 0.19375 0.6358024691358024 0.13194444444444445 0.38271604938271603
2 0.6784722222222223 0.28888888888888886 0.1486111111111111 0.2074074074074074
0 0.513888888888889 0.9123456790123456 0.34444444444444444 0.17530864197530863
2 0.2951388888888889 0.5666666666666667 0.10416666666666667 0.19999999999999998
2 0.68125 0.10123456790123457 0.10972222222222222 0.10864197530864197
2 0.2138888888888889 0.3358024691358025 0.10555555555555556 0.10864197530864197
0 0.03888888888888889 0.37037037037037035 0.075 0.16790123456790124
0 0.513888888888889 0.2222222222222222 0.15833333333333333 0.2518518518518518
0 0.7965277777777778 0.29753086419753083 0.08472222222222223 0.2641975308641975
0 0.7770833333333333 0.10864197530864197 0.1763888888888889 0.11851851851851852
1 0.9375 0.1037037037037037 0.125 0.20246913580246914
1 0.46111111111111114 0.1382716049382716 0.08611111111111111 0.14814814814814814
1 0.6069444444444445 0.07037037037037037 0.08611111111111111 0.13580246913580246
1 0.5423611111111112 0.05802469135802469 0.06527777777777778 0.1111111111111111
1 0.0375 0.254320987654321 0.07222222222222223 0.11851851851851852
1 0.11388888888888889 0.16049382716049382 0.07222222222222223 0.09382716049382715
1 0.22708333333333333 0.2234567901234568 0.06527777777777778 0.10617283950617283
1 0.30347222222222225 0.2641975308641975 0.09027777777777778 0.14320987654320988
1 0.33611111111111114 0.17037037037037037 0.08611111111111111 0.11358024691358025
1 0.2465277777777778 0.14444444444444443 0.06805555555555556 0.0962962962962963
1 0.3055555555555556 0.07777777777777778 0.08611111111111111 0.0962962962962963
1 0.3159722222222222 0.39753086419753086 0.14305555555555557 0.14320987654320988
1 0.08333333333333334 0.7234567901234568 0.1638888888888889 0.23209876543209876
1 0.1 0.5185185185185185 0.18333333333333335 0.2074074074074074
