2 0.41944444444444445 0.8666666666666667 0.21944444444444444 0.25679012345679014
2 0.8541666666666667 0.8432098765432099 0.2111111111111111 0.28888888888888886
2 0.9680555555555556 0.7925925925925926 0.05555555555555556 0.21234567901234566
2 0.45625000000000004 0.45555555555555555 0.12361111111111112 0.16049382716049382
1 0.6486111111111111 0.8333333333333334 0.2111111111111111 0.3333333333333333
1 0.7645833333333334 0.42962962962962964 0.13194444444444445 0.1580246913580247
2 0.9166666666666667 0.5703703703703703 0.15555555555555556 0.23209876543209876
1 0.12430555555555556 0.9382716049382716 0.19583333333333333 0.11851851851851852
1 0.30972222222222223 0.7160493827160493 0.17777777777777778 0.3111111111111111
0 0.16180555555555556 0.7135802469135802 0.1486111111111111 0.345679012345679
2 0.5826388888888889 0.43333333333333335 0.11527777777777778 0.18518518518518517
0 0.27847222222222223 0.9506172839506173 0.09861111111111112 0.09876543209876543
0 0.4673611111111111 0.3567901234567901 0.1486111111111111 0.19999999999999998
0 0.6645833333333333 0.29259259259259257 0.1513888888888889 0.12098765432098765
2 0.7909722222222223 0.03827160493827161 0.10694444444444445 0.07160493827160494
2 0.19861111111111113 0.4185185185185185 0.10277777777777779 0.11604938271604938
0 0.050694444444444445 0.42962962962962964 0.09027777777777778 0.12345679012345678
1 0.27361111111111114 0.508641975308642 0.1277777777777778 0.15308641975308643
1 0.08958333333333333 0.582716049382716 0.10972222222222222 0.1580246913580247
1 0.06319444444444444 0.7506172839506172 0.12361111111111112 0.24691358024691357
1 0.9652777777777778 0.37407407407407406 0.06944444444444445 0.18518518518518517
1 0.8138888888888889 0.3419753086419753 0.11388888888888889 0.13580246913580246
1 0.8652777777777778 0.25308641975308643 0.10277777777777779 0.145679012345679
1 0.8444444444444444 0.16666666666666666 0.07222222222222223 0.07160493827160494
1 0.7652777777777778 0.16419753086419753 0.08888888888888889 0.13580246913580246
1 0.6743055555555556 0.1925925925925926 0.09027777777777778 0.1037037037037037
1 0.64375 0.0728395061728395 0.06805555555555556 0.10123456790123457
1 0.55 0.21234567901234566 0.08333333333333334 0.11358024691358025
2 0.6201388888888889 0.2580246913580247 0.09305555555555556 0.0962962962962963
1 0.5041666666666667 0.1962962962962963 0.08333333333333334 0.08641975308641975
1 0.4256944444444445 0.2691358024691358 0.09027777777777778 0.1382716049382716
1 0.05763888888888889 0.3135802469135802 0.06805555555555556 0.09382716049382715
1 0.14444444444444446 0.2419753086419753 0.07222222222222223 0.1037037037037037
1 0.11388888888888889 0.16049382716049382 0.06944444444444445 0.08888888888888889
1 0.5229166666666667 0.10123456790123457 0.06527777777777778 0.1037037037037037
1 0.2826388888888889 0.37037037037037035 0.0763888888888889 0.11851851851851852
1 0.22916666666666669 0.30617283950617286 0.06944444444444445 0.10864197530864197
1 0.32222222222222224 0.29012345679012347 0.07777777777777778 0.10617283950617283
1 0.3138888888888889 0.1925925925925926 0.09444444444444444 0.10864197530864197
1 0.24583333333333335 0.22592592592592592 0.058333333333333334 0.08641975308641975
0 0.6597222222222222 0.44320987654320987 0.125 0.2641975308641975
