2 0.7930555555555556 0.6012345679012345 0.32222222222222224 0.36296296296296293
2 0.6291666666666667 0.17160493827160495 0.15 0.1654320987654321
1 0.9625 0.41604938271604935 0.075 0.29876543209876544
1 0.36736111111111114 0.8382716049382716 0.38472222222222224 0.3234567901234568
1 0.5152777777777778 0.4765432098765432 0.22777777777777777 0.3950617283950617
0 0.30208333333333337 0.5641975308641975 0.15972222222222224 0.5209876543209876
2 0.7881944444444444 0.12222222222222222 0.1736111111111111 0.19999999999999998
0 0.7666666666666667 0.825925925925926 0.4666666666666667 0.31851851851851853
0 0.5944444444444444 0.11975308641975309 0.16666666666666669 0.2345679012345679
0 0.9256944444444445 0.11481481481481481 0.1486111111111111 0.22469135802469134
1 0.3993055555555556 0.30864197530864196 0.12083333333333333 0.16296296296296295
2 0.3965277777777778 0.4666666666666667 0.10138888888888889 0.23703703703703705
1 0.18819444444444444 0.5654320987654321 0.19583333333333333 0.454320987654321
1 0.05277777777777778 0.7259259259259259 0.10277777777777779 0.3753086419753086
2 0.26458333333333334 0.2716049382716049 0.12083333333333333 0.10864197530864197
1 0.3548611111111111 0.19135802469135801 0.10138888888888889 0.16049382716049382
1 0.26805555555555555 0.14444444444444443 0.10555555555555556 0.16049382716049382
1 0.37430555555555556 0.0962962962962963 0.10972222222222222 0.11851851851851852
1 0.33125 0.050617283950617285 0.11527777777777778 0.0962962962962963
1 0.04722222222222222 0.24074074074074073 0.09166666666666667 0.12098765432098765
0 0.06458333333333334 0.3592592592592593 0.08750000000000001 0.16049382716049382
1 0.5097222222222222 0.06790123456790123 0.10277777777777779 0.1308641975308642
