2 0.9576388888888889 0.1308641975308642 0.07916666666666666 0.18271604938271604
1 0.9638888888888889 0.454320987654321 0.07222222222222223 0.2962962962962963
0 0.8006944444444445 0.6160493827160494 0.2569444444444445 0.6691358024691358
2 0.8784722222222222 0.4666666666666667 0.13194444444444445 0.2617283950617284
0 0.9034722222222222 0.10617283950617283 0.14305555555555557 0.2074074074074074
2 0.5277777777777778 0.28888888888888886 0.13611111111111113 0.1382716049382716
0 0.09791666666666667 0.8185185185185185 0.11527777777777778 0.24938271604938272
0 0.03333333333333333 0.782716049382716 0.0638888888888889 0.42962962962962964
0 0.2972222222222222 0.4012345679012346 0.05555555555555556 0.1308641975308642
0 0.3194444444444445 0.2641975308641975 0.06944444444444445 0.08888888888888889
1 0.10277777777777779 0.6271604938271604 0.10555555555555556 0.1580246913580247
1 0.12430555555555556 0.7567901234567901 0.1125 0.18518518518518517
1 0.2263888888888889 0.6172839506172839 0.125 0.1580246913580247
1 0.25416666666666665 0.8506172839506173 0.17222222222222222 0.29876543209876544
1 0.425 0.7802469135802469 0.20555555555555557 0.43950617283950616
1 0.64375 0.7320987654320987 0.24027777777777778 0.37777777777777777
1 0.5729166666666667 0.5012345679012346 0.23194444444444445 0.32098765432098764
1 0.7965277777777778 0.2765432098765432 0.19583333333333333 0.1925925925925926
1 0.63125 0.14074074074074075 0.14305555555555557 0.26666666666666666
1 0.5041666666666667 0.16296296296296295 0.10277777777777779 0.14320987654320988
1 0.5444444444444445 0.05185185185185185 0.11666666666666667 0.09876543209876543
1 0.8236111111111112 0.0691358024691358 0.11944444444444445 0.13333333333333333
1 0.2423611111111111 0.2765432098765432 0.07916666666666666 0.09876543209876543
1 0.2326388888888889 0.41234567901234565 0.08750000000000001 0.12345679012345678
1 0.09930555555555556 0.46543209876543207 0.12638888888888888 0.16049382716049382
1 0.23194444444444445 0.1345679012345679 0.06666666666666667 0.10123456790123457
1 0.3201388888888889 0.18271604938271604 0.0763888888888889 0.07407407407407407
