2 0.9277777777777778 0.09135802469135802 0.14166666666666666 0.1728395061728395
1 0.8805555555555555 0.8160493827160493 0.2388888888888889 0.36790123456790125
1 0.8993055555555556 0.39382716049382716 0.2013888888888889 0.39753086419753086
0 0.6861111111111111 0.5123456790123456 0.18611111111111112 0.5851851851851851
2 0.7708333333333334 0.39999999999999997 0.11666666666666667 0.2716049382716049
2 0.4930555555555556 0.2222222222222222 0.1388888888888889 0.12839506172839507
0 0.8236111111111112 0.08518518518518518 0.11111111111111112 0.1654320987654321
1 0.7097222222222223 0.2185185185185185 0.14166666666666666 0.16049382716049382
1 0.5527777777777778 0.6308641975308642 0.18888888888888888 0.3135802469135802
1 0.49583333333333335 0.42345679012345677 0.2 0.21975308641975308
1 0.35208333333333336 0.7061728395061728 0.19583333333333333 0.4444444444444444
1 0.20972222222222223 0.7209876543209877 0.14166666666666666 0.2962962962962963
1 0.5895833333333333 0.13333333333333333 0.10138888888888889 0.16296296296296295
1 0.46875 0.12098765432098765 0.09027777777777778 0.11358024691358025
1 0.4534722222222222 0.05185185185185185 0.0763888888888889 0.09876543209876543
1 0.5791666666666667 0.037037037037037035 0.11111111111111112 0.0691358024691358
1 0.08888888888888889 0.5987654320987654 0.10833333333333334 0.2641975308641975
1 0.18055555555555555 0.4530864197530864 0.11111111111111112 0.17037037037037037
1 0.2111111111111111 0.3271604938271605 0.07222222222222223 0.1111111111111111
1 0.22777777777777777 0.2271604938271605 0.06944444444444445 0.11358024691358025
1 0.3027777777777778 0.12222222222222222 0.075 0.07654320987654321
1 0.043750000000000004 0.2037037037037037 0.08472222222222223 0.1654320987654321
0 0.3 0.19135802469135801 0.075 0.09135802469135802
0 0.2847222222222222 0.32839506172839505 0.061111111111111116 0.11358024691358025
0 0.15486111111111112 0.8814814814814814 0.10694444444444445 0.23703703703703705
0 0.08750000000000001 0.7469135802469136 0.13333333333333333 0.1111111111111111
0 0.02847222222222222 0.7111111111111111 0.05416666666666667 0.5777777777777777
2 0.6381944444444445 0.9061728395061728 0.34305555555555556 0.1876543209876543
