2 0.9041666666666667 0.3493827160493827 0.18055555555555555 0.2839506172839506
2 0.7430555555555556 0.03950617283950617 0.16944444444444445 0.07407407407407407
1 0.61875 0.6839506172839506 0.37083333333333335 0.4839506172839506
1 0.6868055555555556 0.2679012345679012 0.16805555555555557 0.29876543209876544
0 0.4527777777777778 0.36049382716049383 0.14444444444444446 0.5234567901234568
2 0.8965277777777778 0.016049382716049384 0.06527777777777778 0.027160493827160494
0 0.8138888888888889 0.8246913580246913 0.36944444444444446 0.35061728395061725
0 0.8840277777777779 0.5604938271604938 0.23194444444444445 0.24691358024691357
0 0.02361111111111111 0.7580246913580246 0.044444444444444446 0.17777777777777778
0 0.13472222222222222 0.1876543209876543 0.05555555555555556 0.14320987654320988
0 0.18055555555555555 0.0654320987654321 0.08055555555555556 0.08641975308641975
2 0.5541666666666667 0.27037037037037037 0.1 0.22962962962962963
2 0.3451388888888889 0.10493827160493827 0.11805555555555557 0.11604938271604938
1 0.5305555555555556 0.11481481481481481 0.11111111111111112 0.145679012345679
1 0.4395833333333333 0.05432098765432099 0.09583333333333334 0.1037037037037037
1 0.33958333333333335 0.03827160493827161 0.08750000000000001 0.07160493827160494
1 0.15347222222222223 0.519753086419753 0.18472222222222223 0.3530864197530864
1 0.044444444444444446 0.5444444444444444 0.08611111111111111 0.28888888888888886
1 0.33263888888888893 0.46172839506172836 0.1625 0.2518518518518518
1 0.3180555555555556 0.25679012345679014 0.18333333333333335 0.1876543209876543
1 0.058333333333333334 0.2740740740740741 0.11388888888888889 0.2074074074074074
1 0.09791666666666667 0.08641975308641975 0.09583333333333334 0.12345679012345678
2 0.3458333333333333 0.7987654320987654 0.3416666666666667 0.4024691358024691
