2 0.9347222222222222 0.1111111111111111 0.13055555555555556 0.21728395061728395
1 0.925 0.8555555555555555 0.15 0.28888888888888886
1 0.9236111111111112 0.4024691358024691 0.1527777777777778 0.35555555555555557
0 0.7333333333333334 0.5555555555555556 0.2138888888888889 0.6172839506172839
2 0.7270833333333334 0.937037037037037 0.30972222222222223 0.1259259259259259
2 0.81875 0.41975308641975306 0.1125 0.2271604938271605
2 0.5034722222222222 0.2617283950617284 0.1375 0.14814814814814814
0 0.857638888888889 0.09876543209876543 0.12083333333333333 0.1925925925925926
0 0.17291666666666666 0.9049382716049382 0.11527777777777778 0.19012345679012346
0 0.08263888888888889 0.7716049382716049 0.11805555555555557 0.20987654320987653
0 0.02847222222222222 0.7592592592592592 0.05416666666666667 0.48148148148148145
1 0.7506944444444444 0.23950617283950618 0.15972222222222224 0.15308641975308643
1 0.6020833333333333 0.1654320987654321 0.12083333333333333 0.15308641975308643
1 0.6201388888888889 0.06172839506172839 0.09027777777777778 0.1037037037037037
1 0.49375 0.15432098765432098 0.10416666666666667 0.11604938271604938
1 0.46111111111111114 0.08395061728395062 0.08333333333333334 0.11358024691358025
1 0.5326388888888889 0.03827160493827161 0.10694444444444445 0.07160493827160494
1 0.5305555555555556 0.4493827160493827 0.20277777777777778 0.2419753086419753
1 0.5881944444444445 0.6506172839506172 0.2263888888888889 0.3333333333333333
1 0.3993055555555556 0.7469135802469136 0.2013888888888889 0.5061728395061729
1 0.23333333333333334 0.7691358024691358 0.16111111111111112 0.3925925925925926
1 0.10416666666666667 0.645679012345679 0.11388888888888889 0.22962962962962963
1 0.19652777777777777 0.5222222222222223 0.12638888888888888 0.18024691358024691
1 0.21666666666666667 0.3814814814814815 0.08333333333333334 0.13580246913580246
1 0.23125 0.2580246913580247 0.08750000000000001 0.10617283950617283
1 0.3138888888888889 0.15555555555555556 0.075 0.07901234567901234
1 0.22777777777777777 0.10987654320987654 0.07222222222222223 0.10617283950617283
1 0.058333333333333334 0.43333333333333335 0.09444444444444444 0.15061728395061727
0 0.2902777777777778 0.3790123456790123 0.061111111111111116 0.1308641975308642
0 0.30972222222222223 0.2271604938271605 0.075 0.09876543209876543
