2 0.8527777777777779 0.4567901234567901 0.2916666666666667 0.3160493827160494
2 0.6736111111111112 0.09012345679012346 0.16944444444444445 0.17530864197530863
1 0.4798611111111111 0.7641975308641975 0.40694444444444444 0.47160493827160493
1 0.5840277777777778 0.32839506172839505 0.2013888888888889 0.35061728395061725
0 0.35000000000000003 0.4308641975308642 0.15555555555555556 0.5061728395061729
2 0.8416666666666667 0.07037037037037037 0.18611111111111112 0.13580246913580246
0 0.6520833333333333 0.8839506172839506 0.37083333333333335 0.23209876543209876
0 0.8125 0.7049382716049383 0.375 0.30864197530864196
1 0.9381944444444444 0.9395061728395061 0.11805555555555557 0.12098765432098765
2 0.45625000000000004 0.35185185185185186 0.10138888888888889 0.22962962962962963
1 0.4513888888888889 0.18518518518518517 0.11388888888888889 0.13333333333333333
0 0.5756944444444445 0.0728395061728395 0.07916666666666666 0.14074074074074075
2 0.2916666666666667 0.17037037037037037 0.11111111111111112 0.11358024691358025
1 0.07569444444444445 0.6012345679012345 0.1486111111111111 0.4024691358024691
1 0.2388888888888889 0.5074074074074074 0.17777777777777778 0.28888888888888886
1 0.22777777777777777 0.3148148148148148 0.19444444444444445 0.17530864197530863
1 0.3923611111111111 0.07407407407407407 0.10138888888888889 0.14320987654320988
1 0.2902777777777778 0.06666666666666667 0.09166666666666667 0.12839506172839507
0 0.08888888888888889 0.2419753086419753 0.08055555555555556 0.15308641975308643
0 0.13541666666666669 0.11234567901234567 0.0763888888888889 0.06666666666666667
1 0.02847222222222222 0.25925925925925924 0.05416666666666667 0.1876543209876543
1 0.05555555555555556 0.13333333333333333 0.09722222222222222 0.10864197530864197
1 0.14027777777777778 0.05185185185185185 0.08888888888888889 0.07407407407407407
2 0.19375 0.854320987654321 0.29583333333333334 0.291358024691358
