2 0.7944444444444445 0.5987654320987654 0.32222222222222224 0.36296296296296293
2 0.6305555555555555 0.16790123456790124 0.15 0.16296296296296295
1 0.9680555555555556 0.4074074074074074 0.0638888888888889 0.2814814814814815
1 0.3652777777777778 0.8358024691358025 0.3888888888888889 0.32839506172839505
1 0.53125 0.4703703703703704 0.20416666666666666 0.3728395061728395
0 0.3 0.562962962962963 0.14444444444444446 0.5135802469135803
2 0.7895833333333334 0.12098765432098765 0.17083333333333334 0.19753086419753085
0 0.7770833333333333 0.8419753086419753 0.44583333333333336 0.30617283950617286
1 0.5277777777777778 0.05802469135802469 0.08611111111111111 0.1111111111111111
0 0.5951388888888889 0.11604938271604938 0.16527777777777777 0.2271604938271605
0 0.9347222222222222 0.11851851851851852 0.13055555555555556 0.23209876543209876
1 0.40347222222222223 0.291358024691358 0.13472222222222222 0.18271604938271604
2 0.39375 0.46543209876543207 0.10138888888888889 0.22962962962962963
1 0.051388888888888894 0.7259259259259259 0.1 0.3851851851851852
1 0.1798611111111111 0.6419753086419753 0.15972222222222224 0.28641975308641976
1 0.17569444444444446 0.43333333333333335 0.1736111111111111 0.16049382716049382
2 0.26458333333333334 0.27530864197530863 0.12361111111111112 0.1259259259259259
0 0.06527777777777778 0.3432098765432099 0.075 0.14814814814814814
0 0.11944444444444445 0.21481481481481482 0.08055555555555556 0.08888888888888889
0 0.2659722222222222 0.14814814814814814 0.08750000000000001 0.12839506172839507
0 0.3527777777777778 0.17901234567901234 0.08611111111111111 0.14074074074074075
0 0.38125000000000003 0.10864197530864197 0.09305555555555556 0.1037037037037037
0 0.33263888888888893 0.037037037037037035 0.1125 0.0691358024691358
1 0.0375 0.23333333333333334 0.07222222222222223 0.145679012345679
