2 0.7277777777777779 0.6975308641975309 0.3111111111111111 0.41234567901234565
2 0.6027777777777777 0.24567901234567902 0.16111111111111112 0.21975308641975308
1 0.9298611111111111 0.5753086419753086 0.14027777777777778 0.41975308641975306
1 0.9618055555555556 0.07654320987654321 0.07083333333333333 0.14814814814814814
1 0.30069444444444443 0.891358024691358 0.4013888888888889 0.21728395061728395
1 0.48958333333333337 0.5222222222222223 0.2152777777777778 0.4074074074074074
0 0.26944444444444443 0.5802469135802469 0.1638888888888889 0.4888888888888889
2 0.7583333333333334 0.20493827160493827 0.17222222222222222 0.21728395061728395
0 0.7215277777777778 0.8851851851851852 0.4986111111111111 0.22962962962962963
2 0.36736111111111114 0.5135802469135803 0.10694444444444445 0.23703703703703705
1 0.3840277777777778 0.3493827160493827 0.11527777777777778 0.14074074074074075
1 0.03819444444444445 0.7308641975308642 0.07361111111111111 0.36049382716049383
1 0.1527777777777778 0.674074074074074 0.16666666666666669 0.25679012345679014
1 0.15833333333333333 0.4740740740740741 0.17777777777777778 0.1925925925925926
0 0.07083333333333333 0.37160493827160496 0.09722222222222222 0.10617283950617283
0 0.13055555555555556 0.2271604938271605 0.07222222222222223 0.08395061728395062
2 0.25 0.30864197530864196 0.12222222222222223 0.11851851851851852
0 0.5756944444444445 0.15432098765432098 0.1625 0.23950617283950618
0 0.8930555555555556 0.1765432098765432 0.13611111111111113 0.29876543209876544
0 0.7736111111111111 0.05432098765432099 0.11944444444444445 0.1037037037037037
1 0.2659722222222222 0.2037037037037037 0.08472222222222223 0.10123456790123457
1 0.3479166666666667 0.22098765432098766 0.09027777777777778 0.13580246913580246
1 0.375 0.145679012345679 0.08055555555555556 0.11358024691358025
1 0.27083333333333337 0.12222222222222222 0.08055555555555556 0.10123456790123457
1 0.33958333333333335 0.053086419753086415 0.10694444444444445 0.10123456790123457
1 0.5090277777777777 0.07530864197530864 0.10138888888888889 0.14074074074074075
1 0.05277777777777778 0.24567901234567902 0.07777777777777778 0.1111111111111111
1 0.14027777777777778 0.15555555555555556 0.08611111111111111 0.09876543209876543
