2 0.8472222222222222 0.05432098765432099 0.20277777777777778 0.1037037037037037
1 0.80625 0.7518518518518519 0.3875 0.4962962962962963
1 0.8194444444444445 0.28641975308641976 0.24444444444444446 0.35061728395061725
0 0.5743055555555556 0.39753086419753086 0.15694444444444444 0.528395061728395
2 0.6694444444444445 0.29012345679012347 0.1 0.2345679012345679
1 0.6263888888888889 0.13580246913580246 0.14166666666666666 0.16296296296296295
2 0.42847222222222225 0.13950617283950617 0.12638888888888888 0.12098765432098765
1 0.5090277777777777 0.06296296296296296 0.10972222222222222 0.12098765432098765
1 0.4048611111111111 0.04938271604938271 0.10138888888888889 0.09382716049382715
1 0.24583333333333335 0.043209876543209874 0.11111111111111112 0.08148148148148147
1 0.16527777777777777 0.12839506172839507 0.08055555555555556 0.11358024691358025
0 0.24027777777777778 0.10123456790123457 0.08611111111111111 0.08395061728395062
0 0.21319444444444446 0.22962962962962963 0.07361111111111111 0.12839506172839507
0 0.08472222222222223 0.8197530864197531 0.125 0.36049382716049383
1 0.45 0.4876543209876543 0.16944444444444445 0.2740740740740741
1 0.41875 0.3172839506172839 0.18194444444444446 0.19999999999999998
1 0.26944444444444443 0.5740740740740741 0.17777777777777778 0.39753086419753086
1 0.12916666666666668 0.6123456790123457 0.14166666666666666 0.2419753086419753
1 0.08680555555555555 0.4419753086419753 0.17083333333333334 0.2716049382716049
2 0.4930555555555556 0.8320987654320987 0.33333333333333337 0.3358024691358025
