1 0.7055555555555556 0.8209876543209876 0.24166666666666667 0.3333333333333333
0 0.8805555555555555 0.7987654320987654 0.22222222222222224 0.3925925925925926
1 0.8680555555555556 0.5530864197530864 0.20277777777777778 0.2074074074074074
1 0.24097222222222223 0.9333333333333333 0.2125 0.13333333333333333
1 0.11875000000000001 0.791358024691358 0.1902777777777778 0.22469135802469134
1 0.15069444444444444 0.5753086419753086 0.12638888888888888 0.21234567901234566
0 0.24444444444444446 0.5765432098765432 0.08333333333333334 0.19012345679012346
1 0.11944444444444445 0.36296296296296293 0.11944444444444445 0.1580246913580247
2 0.5430555555555556 0.4679012345679012 0.14444444444444446 0.20987654320987653
1 0.6263888888888889 0.19876543209876543 0.11111111111111112 0.15061728395061727
1 0.6479166666666667 0.3271604938271605 0.11805555555555557 0.20987654320987653
1 0.8555555555555556 0.16666666666666666 0.1527777777777778 0.25925925925925924
0 0.9381944444444444 0.23580246913580247 0.12361111111111112 0.36296296296296293
1 0.48541666666666666 0.2777777777777778 0.10694444444444445 0.145679012345679
1 0.5298611111111111 0.10864197530864197 0.09861111111111112 0.12839506172839507
1 0.41944444444444445 0.16296296296296295 0.08888888888888889 0.13333333333333333
1 0.05347222222222223 0.9148148148148147 0.10416666666666667 0.17037037037037037
1 0.21944444444444444 0.2111111111111111 0.08888888888888889 0.11604938271604938
1 0.4986111111111111 0.05555555555555555 0.10833333333333334 0.10617283950617283
0 0.8048611111111111 0.08395061728395062 0.1513888888888889 0.16296296296296295
0 0.2152777777777778 0.3111111111111111 0.09722222222222222 0.09876543209876543
0 0.12916666666666668 0.25308641975308643 0.10277777777777779 0.11604938271604938
0 0.04652777777777778 0.45925925925925926 0.09027777777777778 0.1876543209876543
1 0.0375 0.6296296296296297 0.07222222222222223 0.1925925925925926
0 0.029861111111111113 0.3234567901234568 0.05694444444444444 0.14320987654320988
1 0.09791666666666667 0.09876543209876543 0.10138888888888889 0.14320987654320988
0 0.38333333333333336 0.04814814814814815 0.07777777777777778 0.08641975308641975
2 0.3125 0.09753086419753086 0.06666666666666667 0.09135802469135802
