2 0.9805555555555556 0.17777777777777778 0.030555555555555558 0.11358024691358025
1 0.4743055555555556 0.8580246913580247 0.23194444444444445 0.27901234567901234
1 0.7194444444444444 0.7925925925925926 0.28611111111111115 0.4049382716049383
1 0.6291666666666667 0.5814814814814815 0.24166666666666667 0.3432098765432099
0 0.8680555555555556 0.6839506172839506 0.2638888888888889 0.6320987654320988
1 0.8347222222222223 0.3419753086419753 0.20555555555555557 0.17530864197530863
2 0.9354166666666667 0.5209876543209876 0.12083333333333333 0.21234567901234566
1 0.29305555555555557 0.8617283950617284 0.18611111111111112 0.2716049382716049
1 0.2013888888888889 0.7716049382716049 0.22777777777777777 0.28888888888888886
1 0.22430555555555556 0.5987654320987654 0.10416666666666667 0.145679012345679
0 0.04930555555555556 0.8111111111111111 0.09305555555555556 0.35802469135802467
1 0.07569444444444445 0.5222222222222223 0.10416666666666667 0.16049382716049382
1 0.15694444444444444 0.5222222222222223 0.075 0.1111111111111111
1 0.2576388888888889 0.47160493827160493 0.09583333333333334 0.12839506172839507
0 0.32083333333333336 0.454320987654321 0.061111111111111116 0.13333333333333333
1 0.25972222222222224 0.34074074074074073 0.08888888888888889 0.12345679012345678
2 0.5680555555555555 0.3333333333333333 0.15833333333333333 0.14320987654320988
1 0.6513888888888889 0.12839506172839507 0.1 0.11851851851851852
1 0.6659722222222223 0.23580246913580247 0.12361111111111112 0.1654320987654321
1 0.8805555555555555 0.07037037037037037 0.14444444444444446 0.13580246913580246
0 0.9402777777777778 0.12962962962962962 0.10277777777777779 0.24444444444444444
1 0.5381944444444444 0.2037037037037037 0.09861111111111112 0.12098765432098765
1 0.5645833333333333 0.08148148148148147 0.08194444444444444 0.10864197530864197
1 0.3416666666666667 0.22962962962962963 0.07222222222222223 0.0691358024691358
1 0.4791666666666667 0.14814814814814814 0.06944444444444445 0.14814814814814814
1 0.2590277777777778 0.18395061728395062 0.08194444444444444 0.09135802469135802
0 0.3298611111111111 0.29506172839506173 0.06805555555555556 0.08641975308641975
