1 0.4930555555555556 0.9123456790123456 0.23055555555555557 0.17037037037037037
1 0.7430555555555556 0.8518518518518519 0.2833333333333333 0.28641975308641976
1 0.6416666666666667 0.6530864197530865 0.24166666666666667 0.3432098765432099
0 0.8569444444444445 0.7111111111111111 0.2555555555555556 0.5432098765432098
1 0.8256944444444445 0.4148148148148148 0.20694444444444446 0.19753086419753085
2 0.9319444444444445 0.5962962962962963 0.11944444444444445 0.20987654320987653
1 0.30833333333333335 0.9024691358024691 0.13333333333333333 0.16049382716049382
1 0.16805555555555557 0.8395061728395061 0.2638888888888889 0.30617283950617286
1 0.15208333333333335 0.5839506172839506 0.12638888888888888 0.18518518518518517
1 0.19791666666666669 0.43209876543209874 0.12083333333333333 0.17777777777777778
0 0.26875 0.4345679012345679 0.0625 0.13333333333333333
1 0.18541666666666667 0.27530864197530863 0.09861111111111112 0.145679012345679
2 0.5354166666666667 0.3432098765432099 0.1513888888888889 0.1580246913580247
1 0.6368055555555556 0.09753086419753086 0.09027777777777778 0.12098765432098765
1 0.6305555555555555 0.23950617283950618 0.11666666666666667 0.16790123456790124
1 0.8743055555555556 0.09012345679012346 0.14027777777777778 0.17530864197530863
0 0.9319444444444445 0.15555555555555556 0.12222222222222223 0.28641975308641976
1 0.49444444444444446 0.20493827160493827 0.10277777777777779 0.13333333333333333
1 0.5527777777777778 0.056790123456790124 0.075 0.10864197530864197
1 0.4451388888888889 0.09012345679012346 0.09861111111111112 0.13580246913580246
0 0.27708333333333335 0.22098765432098766 0.07361111111111111 0.0962962962962963
1 0.26666666666666666 0.145679012345679 0.08888888888888889 0.09876543209876543
1 0.06041666666666667 0.4839506172839506 0.09305555555555556 0.17777777777777778
1 0.03958333333333333 0.7074074074074074 0.0763888888888889 0.21975308641975308
2 0.06666666666666667 0.5851851851851851 0.06944444444444445 0.11851851851851852
