1 0.732638888888889 0.8679012345679012 0.2986111111111111 0.2641975308641975
0 0.9055555555555556 0.8506172839506173 0.18333333333333335 0.2839506172839506
1 0.8861111111111112 0.6407407407407407 0.22777777777777777 0.2641975308641975
1 0.11597222222222223 0.8987654320987654 0.22916666666666669 0.20246913580246914
1 0.11666666666666667 0.6839506172839506 0.1638888888888889 0.2518518518518518
0 0.22916666666666669 0.6691358024691358 0.08888888888888889 0.19753086419753085
1 0.09583333333333334 0.4679012345679012 0.10555555555555556 0.15555555555555556
2 0.5402777777777777 0.5246913580246914 0.16666666666666669 0.22962962962962963
1 0.6284722222222222 0.2814814814814815 0.1486111111111111 0.21234567901234566
1 0.6506944444444445 0.4024691358024691 0.17083333333333334 0.2271604938271605
1 0.8791666666666667 0.21358024691358024 0.13055555555555556 0.21481481481481482
0 0.9444444444444445 0.25308641975308643 0.10277777777777779 0.3432098765432099
0 0.7958333333333334 0.10740740740740741 0.16666666666666669 0.19506172839506172
1 0.4708333333333333 0.3617283950617284 0.15555555555555556 0.20987654320987653
1 0.4986111111111111 0.1469135802469136 0.1388888888888889 0.19506172839506172
1 0.39722222222222225 0.24691358024691357 0.1 0.1382716049382716
0 0.36180555555555555 0.10123456790123457 0.07361111111111111 0.10864197530864197
2 0.29305555555555557 0.1654320987654321 0.075 0.10864197530864197
1 0.19791666666666669 0.3074074074074074 0.10694444444444445 0.13580246913580246
1 0.06458333333333334 0.18888888888888888 0.07361111111111111 0.13580246913580246
1 0.12083333333333333 0.2234567901234568 0.07222222222222223 0.11604938271604938
1 0.16666666666666669 0.12345679012345678 0.075 0.11851851851851852
1 0.23819444444444446 0.07777777777777778 0.059722222222222225 0.1111111111111111
0 0.19166666666666668 0.39382716049382716 0.10833333333333334 0.10617283950617283
0 0.08333333333333334 0.3530864197530864 0.09444444444444444 0.12839506172839507
0 0.02847222222222222 0.5679012345679012 0.05416666666666667 0.1728395061728395
