1 0.5291666666666667 0.8876543209876543 0.23055555555555557 0.20987654320987653
1 0.7569444444444444 0.8246913580246913 0.28611111111111115 0.3358024691358025
1 0.6555555555555556 0.6530864197530865 0.24166666666666667 0.3432098765432099
0 0.86875 0.7246913580246913 0.2625 0.5506172839506173
1 0.8493055555555555 0.3851851851851852 0.20694444444444446 0.1728395061728395
2 0.9402777777777778 0.5679012345679012 0.10555555555555556 0.1876543209876543
1 0.3368055555555556 0.9049382716049382 0.1486111111111111 0.17530864197530863
1 0.2013888888888889 0.8246913580246913 0.22777777777777777 0.2814814814814815
1 0.2263888888888889 0.6419753086419753 0.10277777777777779 0.1382716049382716
0 0.03819444444444445 0.8333333333333334 0.07361111111111111 0.3234567901234568
1 0.05763888888888889 0.5654320987654321 0.10416666666666667 0.1580246913580247
1 0.1638888888888889 0.5506172839506173 0.075 0.10864197530864197
1 0.2576388888888889 0.5012345679012346 0.09583333333333334 0.13333333333333333
0 0.31319444444444444 0.48641975308641977 0.059722222222222225 0.12345679012345678
1 0.2555555555555556 0.3728395061728395 0.09444444444444444 0.13333333333333333
2 0.5694444444444444 0.3790123456790123 0.15555555555555556 0.15555555555555556
1 0.6618055555555555 0.14814814814814814 0.10416666666666667 0.11851851851851852
1 0.6604166666666667 0.2716049382716049 0.11805555555555557 0.16790123456790124
1 0.8979166666666667 0.06790123456790123 0.14305555555555557 0.1308641975308642
0 0.951388888888889 0.16419753086419753 0.08888888888888889 0.2345679012345679
1 0.5368055555555555 0.2419753086419753 0.10416666666666667 0.13333333333333333
1 0.5652777777777778 0.0962962962962963 0.08055555555555556 0.12345679012345678
1 0.48541666666666666 0.1765432098765432 0.07361111111111111 0.12098765432098765
1 0.32916666666666666 0.24444444444444444 0.07777777777777778 0.07407407407407407
1 0.24444444444444446 0.19012345679012346 0.075 0.10864197530864197
0 0.33194444444444443 0.3148148148148148 0.06666666666666667 0.0962962962962963
