1 0.48055555555555557 0.9259259259259259 0.23055555555555557 0.14320987654320988
1 0.7569444444444444 0.8555555555555555 0.2833333333333333 0.27901234567901234
1 0.6430555555555556 0.6901234567901234 0.24166666666666667 0.3432098765432099
0 0.8590277777777778 0.7320987654320987 0.2569444444444445 0.5061728395061729
1 0.8368055555555556 0.4345679012345679 0.22083333333333335 0.21234567901234566
2 0.9368055555555556 0.6098765432098765 0.11805555555555557 0.2074074074074074
1 0.3090277777777778 0.9308641975308641 0.12083333333333333 0.11851851851851852
1 0.17291666666666666 0.8728395061728395 0.22916666666666669 0.23950617283950618
1 0.16597222222222222 0.6469135802469136 0.15694444444444444 0.21234567901234566
1 0.19652777777777777 0.47901234567901235 0.09861111111111112 0.15308641975308643
0 0.2777777777777778 0.4839506172839506 0.0638888888888889 0.12839506172839507
1 0.20902777777777778 0.3419753086419753 0.09861111111111112 0.145679012345679
2 0.5444444444444445 0.3876543209876543 0.15833333333333333 0.1580246913580247
1 0.638888888888889 0.14320987654320988 0.08888888888888889 0.12345679012345678
1 0.6368055555555556 0.27901234567901234 0.11805555555555557 0.16790123456790124
1 0.8743055555555556 0.1037037037037037 0.14305555555555557 0.19753086419753085
0 0.9326388888888889 0.18024691358024691 0.12638888888888888 0.3259259259259259
1 0.5055555555555555 0.22469135802469134 0.10277777777777779 0.13333333333333333
1 0.5569444444444445 0.09999999999999999 0.075 0.12098765432098765
1 0.08194444444444444 0.5518518518518518 0.09166666666666667 0.16049382716049382
1 0.2833333333333333 0.20864197530864198 0.08611111111111111 0.12098765432098765
1 0.1951388888888889 0.1382716049382716 0.08750000000000001 0.11358024691358025
0 0.2763888888888889 0.29012345679012347 0.06944444444444445 0.07160493827160494
1 0.44375000000000003 0.145679012345679 0.07361111111111111 0.13333333333333333
1 0.5145833333333334 0.06172839506172839 0.07916666666666666 0.11851851851851852
0 0.7909722222222223 0.04938271604938271 0.1125 0.09382716049382715
1 0.058333333333333334 0.7975308641975308 0.11388888888888889 0.291358024691358
