1 0.5006944444444444 0.9259259259259259 0.23194444444444445 0.1382716049382716
1 0.7458333333333333 0.8641975308641975 0.28611111111111115 0.2617283950617284
1 0.6430555555555556 0.7037037037037037 0.24166666666666667 0.34074074074074073
0 0.8715277777777778 0.7481481481481481 0.2569444444444445 0.5037037037037037
1 0.8305555555555556 0.4666666666666667 0.20555555555555557 0.1728395061728395
2 0.9381944444444444 0.6098765432098765 0.11527777777777778 0.2074074074074074
1 0.3277777777777778 0.9382716049382716 0.11666666666666667 0.11358024691358025
1 0.1763888888888889 0.8679012345679012 0.22777777777777777 0.254320987654321
1 0.18819444444444444 0.6654320987654321 0.11527777777777778 0.15061728395061727
0 0.025694444444444447 0.8506172839506173 0.04861111111111111 0.27901234567901234
1 0.23680555555555557 0.519753086419753 0.09305555555555556 0.13580246913580246
0 0.2972222222222222 0.5012345679012346 0.05555555555555556 0.12839506172839507
1 0.23055555555555557 0.38271604938271603 0.09166666666666667 0.13333333333333333
2 0.5541666666666667 0.4148148148148148 0.15555555555555556 0.1580246913580247
1 0.6555555555555556 0.15555555555555556 0.08888888888888889 0.12345679012345678
1 0.6625 0.30246913580246915 0.11666666666666667 0.1654320987654321
1 0.8812500000000001 0.13580246913580246 0.14305555555555557 0.2074074074074074
0 0.9402777777777778 0.1728395061728395 0.10833333333333334 0.3259259259259259
1 0.5194444444444445 0.254320987654321 0.10277777777777779 0.13333333333333333
1 0.5680555555555555 0.12962962962962962 0.07777777777777778 0.12098765432098765
1 0.04513888888888889 0.5962962962962963 0.08750000000000001 0.19506172839506172
1 0.11736111111111111 0.5839506172839506 0.07916666666666666 0.15555555555555556
1 0.3027777777777778 0.25679012345679014 0.07777777777777778 0.08888888888888889
1 0.225 0.18024691358024691 0.08055555555555556 0.1037037037037037
1 0.3513888888888889 0.07654320987654321 0.06944444444444445 0.08888888888888889
1 0.45555555555555555 0.18641975308641975 0.07777777777777778 0.13580246913580246
0 0.8222222222222223 0.06172839506172839 0.1388888888888889 0.11851851851851852
0 0.3125 0.32469135802469135 0.07777777777777778 0.07654320987654321
1 0.5215277777777778 0.07654320987654321 0.0763888888888889 0.11851851851851852
