0 0.3854166666666667 0.9259259259259259 0.10694444444444445 0.13333333333333333
1 0.18541666666666667 0.7185185185185186 0.11805555555555557 0.2074074074074074
2 0.8791666666666667 0.8728395061728395 0.24166666666666667 0.254320987654321
1 0.913888888888889 0.5320987654320988 0.17222222222222222 0.24938271604938272
1 0.9479166666666667 0.7111111111111111 0.10416666666666667 0.2074074074074074
1 0.7333333333333334 0.6209876543209877 0.18611111111111112 0.2641975308641975
1 0.7395833333333334 0.3493827160493827 0.1375 0.2345679012345679
1 0.5805555555555556 0.4185185185185185 0.1277777777777778 0.19506172839506172
1 0.6506944444444445 0.2617283950617284 0.10694444444444445 0.1876543209876543
0 0.5027777777777778 0.24691358024691357 0.11666666666666667 0.1580246913580247
2 0.4013888888888889 0.29259259259259257 0.08888888888888889 0.11604938271604938
0 0.2465277777777778 0.5666666666666667 0.2263888888888889 0.19506172839506172
1 0.3055555555555556 0.4691358024691358 0.13055555555555556 0.1580246913580247
0 0.07291666666666667 0.8234567901234567 0.14305555555555557 0.2839506172839506
1 0.2743055555555556 0.9592592592592593 0.14583333333333334 0.08148148148148147
1 0.12916666666666668 0.29506172839506173 0.09166666666666667 0.1308641975308642
1 0.1951388888888889 0.3469135802469136 0.09583333333333334 0.145679012345679
1 0.2388888888888889 0.22098765432098766 0.08055555555555556 0.11604938271604938
1 0.3104166666666667 0.1728395061728395 0.08472222222222223 0.11851851851851852
2 0.4076388888888889 0.11358024691358025 0.07083333333333333 0.08395061728395062
2 0.044444444444444446 0.6135802469135803 0.08611111111111111 0.19999999999999998
0 0.5888888888888889 0.24444444444444444 0.06666666666666667 0.09382716049382715
1 0.9548611111111112 0.1382716049382716 0.09027777777777778 0.14320987654320988
