1 0.4013888888888889 0.828395061728395 0.20555555555555557 0.3432098765432099
0 0.5368055555555555 0.8222222222222222 0.14305555555555557 0.2617283950617284
1 0.29583333333333334 0.49135802469135803 0.1277777777777778 0.21728395061728395
2 0.9472222222222223 0.6802469135802469 0.09722222222222222 0.28888888888888886
1 0.9722222222222222 0.3296296296296296 0.05555555555555556 0.23950617283950618
1 0.8402777777777778 0.40987654320987654 0.16944444444444445 0.24691358024691357
1 0.8465277777777778 0.18271604938271604 0.1375 0.20246913580246914
1 0.6659722222222223 0.2419753086419753 0.1125 0.1876543209876543
1 0.7743055555555556 0.11234567901234567 0.14305555555555557 0.21975308641975308
0 0.5743055555555556 0.0728395061728395 0.13194444444444445 0.14074074074074075
2 0.4652777777777778 0.11728395061728394 0.08888888888888889 0.10123456790123457
0 0.33055555555555555 0.3790123456790123 0.20277777777777778 0.18518518518518517
1 0.38680555555555557 0.2641975308641975 0.13194444444444445 0.1580246913580247
0 0.17916666666666667 0.5395061728395062 0.11666666666666667 0.30864197530864196
2 0.07777777777777778 0.3987654320987654 0.10833333333333334 0.18518518518518517
0 0.6770833333333334 0.056790123456790124 0.0763888888888889 0.09876543209876543
1 0.14444444444444446 0.8753086419753087 0.20833333333333334 0.24938271604938272
1 0.0375 0.837037037037037 0.07222222222222223 0.3111111111111111
2 0.043055555555555555 0.5592592592592592 0.08333333333333334 0.22962962962962963
1 0.2590277777777778 0.1567901234567901 0.08194444444444444 0.1259259259259259
1 0.18888888888888888 0.10246913580246914 0.08333333333333334 0.15555555555555556
1 0.29305555555555557 0.04938271604938271 0.08333333333333334 0.09382716049382715
