1 0.48055555555555557 0.7197530864197531 0.17222222222222222 0.3135802469135802
0 0.6027777777777777 0.7049382716049383 0.13055555555555556 0.254320987654321
1 0.33263888888888893 0.3814814814814815 0.12638888888888888 0.20987654320987653
2 0.9722222222222222 0.5160493827160494 0.05555555555555556 0.19753086419753085
1 0.8861111111111112 0.27037037037037037 0.18055555555555555 0.22962962962962963
1 0.8812500000000001 0.06419753086419754 0.1375 0.12345679012345678
1 0.7006944444444445 0.11358024691358025 0.12638888888888888 0.1876543209876543
1 0.7847222222222222 0.04074074074074074 0.07777777777777778 0.07654320987654321
0 0.38472222222222224 0.24938271604938272 0.2138888888888889 0.16296296296296295
1 0.4305555555555556 0.145679012345679 0.13055555555555556 0.1580246913580247
0 0.23958333333333334 0.36666666666666664 0.10138888888888889 0.35802469135802467
2 0.10972222222222222 0.2962962962962963 0.11388888888888889 0.18271604938271604
1 0.22777777777777777 0.7654320987654321 0.20833333333333334 0.30617283950617286
2 0.39166666666666666 0.9358024691358025 0.1638888888888889 0.12839506172839507
2 0.06597222222222222 0.45925925925925926 0.12916666666666668 0.24691358024691357
2 0.4951388888888889 0.03209876543209877 0.11805555555555557 0.05925925925925926
1 0.07013888888888889 0.7506172839506172 0.1375 0.37037037037037035
0 0.2569444444444445 0.1382716049382716 0.09722222222222222 0.09876543209876543
1 0.5743055555555556 0.9160493827160494 0.20972222222222223 0.16790123456790124
