1 0.18055555555555555 0.9629629629629629 0.07777777777777778 0.05925925925925926
0 0.27222222222222225 0.9382716049382716 0.08888888888888889 0.11358024691358025
1 0.11041666666666668 0.7691358024691358 0.12361111111111112 0.19999999999999998
2 0.7152777777777778 0.8679012345679012 0.21944444444444444 0.24938271604938272
1 0.7597222222222223 0.5320987654320988 0.19722222222222224 0.27901234567901234
1 0.8152777777777778 0.7037037037037037 0.20277777777777778 0.3111111111111111
0 0.9256944444444445 0.3296296296296296 0.14305555555555557 0.2345679012345679
2 0.9340277777777778 0.1876543209876543 0.12638888888888888 0.14320987654320988
1 0.576388888888889 0.6209876543209877 0.17222222222222222 0.2691358024691358
1 0.6243055555555556 0.3753086419753086 0.11527777777777778 0.1580246913580247
1 0.4701388888888889 0.46296296296296297 0.12361111111111112 0.19506172839506172
0 0.4166666666666667 0.3037037037037037 0.10277777777777779 0.13333333333333333
2 0.33055555555555555 0.37160493827160496 0.08888888888888889 0.11604938271604938
0 0.18680555555555556 0.6419753086419753 0.16805555555555557 0.16296296296296295
1 0.23819444444444446 0.5333333333333333 0.13194444444444445 0.1580246913580247
0 0.029166666666666667 0.8592592592592593 0.05555555555555556 0.25679012345679014
0 0.09444444444444444 0.5839506172839506 0.06944444444444445 0.15061728395061727
1 0.07291666666666667 0.4049382716049383 0.08472222222222223 0.1728395061728395
1 0.1375 0.4345679012345679 0.07222222222222223 0.14320987654320988
1 0.19722222222222224 0.32098765432098764 0.08055555555555556 0.12345679012345678
1 0.2569444444444445 0.2506172839506173 0.08055555555555556 0.12098765432098765
1 0.8277777777777778 0.11604938271604938 0.08055555555555556 0.2074074074074074
1 0.7597222222222223 0.0691358024691358 0.08888888888888889 0.13333333333333333
1 0.5340277777777778 0.3308641975308642 0.08194444444444444 0.1728395061728395
2 0.35000000000000003 0.18888888888888888 0.07777777777777778 0.10123456790123457
