1 0.7840277777777778 0.9518518518518518 0.2152777777777778 0.08641975308641975
0 0.945138888888889 0.9197530864197531 0.09583333333333334 0.145679012345679
1 0.913888888888889 0.745679012345679 0.17222222222222222 0.3308641975308642
1 0.11875000000000001 0.7901234567901234 0.14583333333333334 0.2765432098765432
0 0.21944444444444444 0.808641975308642 0.08888888888888889 0.20987654320987653
1 0.08472222222222223 0.5938271604938271 0.1388888888888889 0.19999999999999998
2 0.5750000000000001 0.6604938271604938 0.20277777777777778 0.2641975308641975
1 0.6430555555555556 0.3333333333333333 0.13333333333333333 0.21234567901234566
1 0.6763888888888889 0.5148148148148148 0.15555555555555556 0.25925925925925924
1 0.9020833333333333 0.28641975308641976 0.14305555555555557 0.2716049382716049
0 0.8125 0.15061728395061727 0.16944444444444445 0.1728395061728395
1 0.48750000000000004 0.42839506172839503 0.14722222222222223 0.18518518518518517
1 0.545138888888889 0.24320987654320989 0.11527777777777778 0.16049382716049382
1 0.40625 0.31851851851851853 0.12083333333333333 0.16296296296296295
0 0.3652777777777778 0.18024691358024691 0.08888888888888889 0.12345679012345678
2 0.2902777777777778 0.254320987654321 0.08611111111111111 0.10864197530864197
0 0.18055555555555555 0.49506172839506174 0.14444444444444446 0.1259259259259259
1 0.19166666666666668 0.3888888888888889 0.12222222222222223 0.1308641975308642
1 0.09305555555555556 0.9604938271604938 0.17500000000000002 0.07901234567901234
0 0.07152777777777779 0.4419753086419753 0.08750000000000001 0.14814814814814814
1 0.061111111111111116 0.29506172839506173 0.07777777777777778 0.15061728395061727
1 0.12152777777777778 0.3197530864197531 0.0763888888888889 0.145679012345679
1 0.17500000000000002 0.19506172839506172 0.08333333333333334 0.13333333333333333
1 0.23125 0.14444444444444443 0.06527777777777778 0.1111111111111111
2 0.31319444444444444 0.08765432098765431 0.06805555555555556 0.0962962962962963
1 0.46875 0.1580246913580247 0.10694444444444445 0.18271604938271604
0 0.9673611111111111 0.4407407407407407 0.06527777777777778 0.21481481481481482
