0 0.4534722222222222 0.8962962962962963 0.12638888888888888 0.1876543209876543
1 0.23541666666666666 0.6123456790123457 0.11805555555555557 0.2074074074074074
2 0.9180555555555556 0.8271604938271605 0.15555555555555556 0.32098765432098764
1 0.9416666666666667 0.4802469135802469 0.11666666666666667 0.31851851851851853
1 0.7881944444444444 0.5358024691358024 0.18472222222222223 0.2765432098765432
1 0.8020833333333334 0.28271604938271605 0.1375 0.2345679012345679
1 0.6347222222222223 0.3530864197530864 0.15555555555555556 0.2271604938271605
1 0.7131944444444445 0.20123456790123456 0.1125 0.19012345679012346
0 0.5347222222222222 0.16790123456790124 0.13611111111111113 0.1580246913580247
2 0.43194444444444446 0.21728395061728395 0.08888888888888889 0.1382716049382716
0 0.2881944444444445 0.4876543209876543 0.20416666666666666 0.20493827160493827
1 0.3493055555555556 0.36790123456790125 0.13194444444444445 0.1580246913580247
0 0.12569444444444444 0.7185185185185186 0.11805555555555557 0.2271604938271605
2 0.05486111111111111 0.5012345679012346 0.10694444444444445 0.1876543209876543
1 0.10138888888888889 0.9518518518518518 0.18333333333333335 0.0962962962962963
1 0.325 0.9135802469135802 0.17777777777777778 0.1728395061728395
1 0.23333333333333334 0.2740740740740741 0.07777777777777778 0.11851851851851852
1 0.15972222222222224 0.20864197530864198 0.08055555555555556 0.17037037037037037
1 0.27222222222222225 0.145679012345679 0.075 0.11358024691358025
1 0.34375 0.08641975308641975 0.0763888888888889 0.11851851851851852
2 0.4326388888888889 0.050617283950617285 0.08750000000000001 0.0962962962962963
0 0.6319444444444444 0.17160493827160495 0.058333333333333334 0.0962962962962963
