0 0.3055555555555556 0.9567901234567902 0.08888888888888889 0.07160493827160494
1 0.11666666666666667 0.7777777777777778 0.15555555555555556 0.26666666666666666
2 0.7625000000000001 0.8962962962962963 0.23333333333333334 0.2074074074074074
1 0.7958333333333334 0.5666666666666667 0.15833333333333333 0.24444444444444444
1 0.8743055555555556 0.7098765432098765 0.20694444444444446 0.31851851851851853
0 0.9493055555555556 0.3765432098765432 0.09305555555555556 0.19012345679012346
2 0.9493055555555556 0.19999999999999998 0.09305555555555556 0.14320987654320988
1 0.6291666666666667 0.6679012345679012 0.14444444444444446 0.20987654320987653
1 0.6444444444444445 0.3925925925925926 0.11666666666666667 0.18271604938271604
1 0.5041666666666667 0.4740740740740741 0.11666666666666667 0.18271604938271604
1 0.5618055555555556 0.3308641975308642 0.09027777777777778 0.18271604938271604
0 0.4388888888888889 0.30123456790123454 0.10277777777777779 0.13333333333333333
2 0.3472222222222222 0.3567901234567901 0.08888888888888889 0.11604938271604938
0 0.19305555555555556 0.6432098765432098 0.19722222222222224 0.20493827160493827
1 0.24444444444444446 0.5209876543209876 0.13055555555555556 0.1580246913580247
1 0.2125 0.9654320987654321 0.11944444444444445 0.0691358024691358
0 0.043055555555555555 0.8530864197530864 0.08333333333333334 0.2641975308641975
1 0.15347222222222223 0.437037037037037 0.08472222222222223 0.1382716049382716
1 0.08125 0.3987654320987654 0.10416666666666667 0.18518518518518517
1 0.20347222222222222 0.30246913580246915 0.08194444444444444 0.1308641975308642
1 0.27361111111111114 0.24074074074074073 0.08055555555555556 0.1259259259259259
1 0.25972222222222224 0.14320987654320988 0.05277777777777778 0.07901234567901234
2 0.35208333333333336 0.1876543209876543 0.06527777777777778 0.09876543209876543
1 0.857638888888889 0.1271604938271605 0.09861111111111112 0.20987654320987653
1 0.7777777777777778 0.0691358024691358 0.08333333333333334 0.13333333333333333
1 0.9743055555555556 0.05802469135802469 0.051388888888888894 0.1111111111111111
2 0.10347222222222223 0.2962962962962963 0.09861111111111112 0.08888888888888889
