1 0.9569444444444445 0.8580246913580247 0.08611111111111111 0.2839506172839506
1 0.12291666666666667 0.8839506172839506 0.15694444444444444 0.23209876543209876
0 0.24166666666666667 0.8827160493827161 0.10277777777777779 0.2345679012345679
1 0.09652777777777778 0.6641975308641975 0.1375 0.19753086419753085
2 0.61875 0.7555555555555555 0.20694444444444446 0.30617283950617286
1 0.675 0.42839506172839503 0.14166666666666666 0.22469135802469134
1 0.7229166666666667 0.5703703703703703 0.18194444444444446 0.2814814814814815
1 0.9493055555555556 0.39012345679012345 0.09305555555555556 0.2271604938271605
0 0.8645833333333334 0.22098765432098766 0.1875 0.19999999999999998
2 0.8555555555555556 0.09999999999999999 0.11944444444444445 0.1259259259259259
1 0.5145833333333334 0.5345679012345679 0.15972222222222224 0.22469135802469134
1 0.5694444444444444 0.3160493827160494 0.11666666666666667 0.1580246913580247
1 0.43333333333333335 0.38271604938271603 0.10277777777777779 0.13333333333333333
0 0.37430555555555556 0.23209876543209876 0.09305555555555556 0.11851851851851852
2 0.3013888888888889 0.30493827160493825 0.08888888888888889 0.1111111111111111
0 0.16319444444444445 0.5580246913580247 0.14305555555555557 0.1580246913580247
1 0.2138888888888889 0.454320987654321 0.12222222222222223 0.13333333333333333
1 0.05694444444444444 0.3469135802469136 0.08611111111111111 0.145679012345679
1 0.12638888888888888 0.3753086419753086 0.08611111111111111 0.14814814814814814
1 0.4916666666666667 0.24444444444444444 0.1 0.18271604938271604
1 0.1701388888888889 0.24567901234567902 0.07361111111111111 0.1259259259259259
1 0.24583333333333335 0.21358024691358024 0.08611111111111111 0.1259259259259259
