0 0.32083333333333336 0.9604938271604938 0.08888888888888889 0.07901234567901234
1 0.14583333333333334 0.7580246913580246 0.12222222222222223 0.2074074074074074
2 0.8194444444444445 0.8962962962962963 0.2555555555555556 0.1876543209876543
1 0.8423611111111111 0.5506172839506173 0.1875 0.2765432098765432
1 0.9055555555555556 0.7283950617283951 0.18888888888888888 0.3160493827160494
0 0.9604166666666667 0.3814814814814815 0.07916666666666666 0.19012345679012346
2 0.9694444444444444 0.2111111111111111 0.05277777777777778 0.13580246913580246
1 0.6618055555555555 0.6419753086419753 0.1902777777777778 0.291358024691358
1 0.6791666666666667 0.38395061728395063 0.13055555555555556 0.22469135802469134
1 0.53125 0.4641975308641975 0.1375 0.18271604938271604
1 0.5979166666666667 0.30246913580246915 0.09861111111111112 0.18024691358024691
0 0.46111111111111114 0.2876543209876543 0.10555555555555556 0.14074074074074075
2 0.3680555555555556 0.3345679012345679 0.08888888888888889 0.11604938271604938
0 0.19930555555555557 0.6271604938271604 0.22083333333333335 0.21728395061728395
1 0.2555555555555556 0.5049382716049383 0.13055555555555556 0.16049382716049382
1 0.23750000000000002 0.9679012345679012 0.10555555555555556 0.06419753086419754
0 0.05 0.8209876543209876 0.09444444444444444 0.3432098765432099
1 0.17569444444444446 0.40617283950617283 0.09305555555555556 0.145679012345679
1 0.09444444444444444 0.34814814814814815 0.09444444444444444 0.18271604938271604
1 0.21319444444444446 0.27901234567901234 0.08194444444444444 0.11851851851851852
1 0.28611111111111115 0.2111111111111111 0.07777777777777778 0.1308641975308642
2 0.3729166666666667 0.145679012345679 0.0763888888888889 0.1037037037037037
1 0.8993055555555556 0.12469135802469136 0.10138888888888889 0.20493827160493827
1 0.81875 0.05802469135802469 0.09583333333333334 0.1111111111111111
