1 0.7375 0.35432098765432096 0.2888888888888889 0.4567901234567901
0 0.9131944444444445 0.291358024691358 0.12916666666666668 0.291358024691358
1 0.4590277777777778 0.13703703703703704 0.17916666666666667 0.2691358024691358
0 0.3354166666666667 0.18888888888888888 0.13472222222222222 0.3728395061728395
2 0.15208333333333335 0.17777777777777778 0.1513888888888889 0.18271604938271604
2 0.09375 0.35061728395061725 0.16527777777777777 0.291358024691358
1 0.4118055555555556 0.6185185185185185 0.2625 0.41728395061728396
2 0.763888888888889 0.8037037037037037 0.3138888888888889 0.3925925925925926
1 0.8861111111111112 0.7469135802469136 0.22777777777777777 0.47160493827160493
0 0.5145833333333334 0.917283950617284 0.15972222222222224 0.1654320987654321
0 0.16736111111111113 0.9679012345679012 0.33194444444444443 0.06419753086419754
1 0.14930555555555555 0.682716049382716 0.29583333333333334 0.545679012345679
0 0.5402777777777777 0.04074074074074074 0.10833333333333334 0.07654320987654321
