1 0.9625 0.5876543209876544 0.075 0.43950617283950616
1 0.6659722222222223 0.22098765432098766 0.19861111111111113 0.30864197530864196
0 0.5368055555555555 0.2740740740740741 0.15972222222222224 0.5432098765432098
2 0.30069444444444443 0.2876543209876543 0.1486111111111111 0.19012345679012346
2 0.26319444444444445 0.5135802469135803 0.19305555555555556 0.34074074074074073
1 0.6909722222222222 0.7839506172839505 0.33194444444444443 0.43209876543209874
0 0.9388888888888889 0.36296296296296293 0.12222222222222223 0.17777777777777778
1 0.36319444444444443 0.7925925925925926 0.33194444444444443 0.4148148148148148
0 0.42708333333333337 0.08395061728395062 0.1513888888888889 0.16296296296296295
0 0.7222222222222222 0.07037037037037037 0.18888888888888888 0.13580246913580246
