1 0.6305555555555555 0.36419753086419754 0.26666666666666666 0.4024691358024691
0 0.7923611111111112 0.2728395061728395 0.1375 0.2691358024691358
1 0.39375 0.12839506172839507 0.1513888888888889 0.24691358024691357
0 0.26805555555555555 0.18024691358024691 0.125 0.35555555555555557
2 0.10208333333333333 0.12962962962962962 0.1513888888888889 0.18518518518518517
2 0.0625 0.30123456790123454 0.11944444444444445 0.25679012345679014
1 0.32222222222222224 0.5419753086419753 0.24444444444444446 0.38271604938271603
2 0.5965277777777778 0.7839506172839505 0.27361111111111114 0.41728395061728396
1 0.80625 0.6790123456790124 0.37083333333333335 0.4740740740740741
0 0.3979166666666667 0.8691358024691358 0.1375 0.2617283950617284
0 0.13333333333333333 0.917283950617284 0.2638888888888889 0.1654320987654321
1 0.1076388888888889 0.5938271604938271 0.2125 0.4419753086419753
1 0.8055555555555556 0.9320987654320988 0.36388888888888893 0.1259259259259259
