1 0.5402777777777777 0.4962962962962963 0.2111111111111111 0.4049382716049383
0 0.6923611111111111 0.47530864197530864 0.11527777777777778 0.20987654320987653
1 0.3625 0.23086419753086418 0.15555555555555556 0.254320987654321
1 0.9159722222222223 0.09506172839506173 0.16805555555555557 0.18518518518518517
0 0.4173611111111111 0.11358024691358025 0.22083333333333335 0.14814814814814814
0 0.2673611111111111 0.20617283950617282 0.10138888888888889 0.4074074074074074
2 0.11458333333333334 0.18148148148148147 0.12916666666666668 0.18518518518518517
2 0.06666666666666667 0.35061728395061725 0.125 0.25679012345679014
1 0.26319444444444445 0.6185185185185185 0.20694444444444446 0.3037037037037037
2 0.47361111111111115 0.8481481481481481 0.2 0.3037037037037037
1 0.6673611111111112 0.8074074074074074 0.27361111111111114 0.3851851851851852
0 0.30486111111111114 0.9074074074074074 0.12916666666666668 0.18518518518518517
0 0.10138888888888889 0.9320987654320988 0.2 0.13580246913580246
1 0.08888888888888889 0.6604938271604938 0.17500000000000002 0.41728395061728396
