1 0.5694444444444444 0.39382716049382716 0.24166666666666667 0.43209876543209874
0 0.7368055555555556 0.36666666666666664 0.12638888888888888 0.2345679012345679
1 0.3576388888888889 0.145679012345679 0.14583333333333334 0.2617283950617284
0 0.42430555555555555 0.050617283950617285 0.19861111111111113 0.0962962962962963
0 0.2604166666666667 0.17901234567901234 0.09583333333333334 0.3530864197530864
2 0.09166666666666667 0.13950617283950617 0.1527777777777778 0.18024691358024691
2 0.058333333333333334 0.31234567901234567 0.11388888888888889 0.254320987654321
1 0.29097222222222224 0.5580246913580247 0.20972222222222223 0.345679012345679
2 0.5180555555555556 0.8111111111111111 0.22777777777777777 0.37777777777777777
1 0.7000000000000001 0.7296296296296296 0.3277777777777778 0.3925925925925926
0 0.3340277777777778 0.8728395061728395 0.10972222222222222 0.2345679012345679
0 0.11666666666666667 0.9024691358024691 0.23055555555555557 0.19506172839506172
1 0.09791666666666667 0.6024691358024691 0.19305555555555556 0.4049382716049383
1 0.6895833333333333 0.9432098765432099 0.3513888888888889 0.11358024691358025
