0 0.8631944444444445 0.6283950617283951 0.27083333333333337 0.7432098765432099
2 0.5305555555555556 0.5617283950617283 0.2138888888888889 0.2839506172839506
2 0.5291666666666667 0.8234567901234567 0.2833333333333333 0.3530864197530864
0 0.6638888888888889 0.28271604938271605 0.2111111111111111 0.22469135802469134
1 0.9375 0.15432098765432098 0.125 0.23950617283950618
1 0.5368055555555555 0.1271604938271605 0.1125 0.24938271604938272
1 0.6534722222222222 0.14074074074074075 0.14583333333333334 0.15308641975308643
1 0.35347222222222224 0.23950617283950618 0.07916666666666666 0.12345679012345678
1 0.4326388888888889 0.16419753086419753 0.07916666666666666 0.1111111111111111
2 0.27222222222222225 0.2604938271604938 0.06944444444444445 0.0962962962962963
2 0.3597222222222222 0.1259259259259259 0.075 0.08888888888888889
2 0.43680555555555556 0.07654320987654321 0.10972222222222222 0.08395061728395062
0 0.18819444444444444 0.30493827160493825 0.0763888888888889 0.145679012345679
1 0.27708333333333335 0.16049382716049382 0.09305555555555556 0.11851851851851852
2 0.8590277777777778 0.24444444444444444 0.2152777777777778 0.14814814814814814
