1 0.51875 0.5901234567901235 0.2152777777777778 0.3950617283950617
0 0.6583333333333333 0.5876543209876544 0.11666666666666667 0.2271604938271605
1 0.36041666666666666 0.2876543209876543 0.13194444444444445 0.20987654320987653
1 0.9104166666666667 0.1728395061728395 0.17916666666666667 0.2419753086419753
1 0.7305555555555556 0.06419753086419754 0.13055555555555556 0.12345679012345678
0 0.4027777777777778 0.16790123456790124 0.2 0.13333333333333333
1 0.44375000000000003 0.07901234567901234 0.13194444444444445 0.15308641975308643
0 0.25416666666666665 0.2962962962962963 0.08333333333333334 0.3654320987654321
2 0.13194444444444445 0.23580246913580247 0.11666666666666667 0.18518518518518517
2 0.07083333333333333 0.3814814814814815 0.13055555555555556 0.254320987654321
1 0.26180555555555557 0.6962962962962963 0.20694444444444446 0.30617283950617286
2 0.4340277777777778 0.8938271604938272 0.16527777777777777 0.21234567901234566
1 0.61875 0.8592592592592593 0.25416666666666665 0.2814814814814815
0 0.2923611111111111 0.9345679012345679 0.11805555555555557 0.1308641975308642
0 0.10208333333333333 0.9419753086419753 0.2013888888888889 0.1111111111111111
1 0.08819444444444445 0.6765432098765432 0.1736111111111111 0.3753086419753086
0 0.26319444444444445 0.08148148148148147 0.14305555555555557 0.11358024691358025
1 0.9111111111111111 0.03209876543209877 0.15555555555555556 0.05925925925925926
