1 0.5680555555555555 0.4740740740740741 0.19166666666666668 0.3802469135802469
0 0.7104166666666667 0.4419753086419753 0.11527777777777778 0.21234567901234566
1 0.35555555555555557 0.18395061728395062 0.13055555555555556 0.21975308641975308
1 0.9243055555555556 0.05185185185185185 0.1513888888888889 0.09876543209876543
0 0.4222222222222222 0.07654320987654321 0.2 0.13333333333333333
0 0.25833333333333336 0.24691358024691357 0.10277777777777779 0.30123456790123454
2 0.10555555555555556 0.1580246913580247 0.14444444444444446 0.18271604938271604
2 0.06041666666666667 0.3333333333333333 0.11805555555555557 0.25679012345679014
1 0.2729166666666667 0.6024691358024691 0.20694444444444446 0.30617283950617286
2 0.4902777777777778 0.8209876543209876 0.2 0.3432098765432099
1 0.6930555555555555 0.7851851851851852 0.28055555555555556 0.39999999999999997
0 0.32569444444444445 0.8925925925925926 0.10416666666666667 0.19999999999999998
0 0.10902777777777778 0.9098765432098765 0.2152777777777778 0.17530864197530863
