0 0.8562500000000001 0.7049382716049383 0.28750000000000003 0.35802469135802467
1 0.8680555555555556 0.43580246913580245 0.17500000000000002 0.2740740740740741
1 0.42430555555555555 0.337037037037037 0.13194444444444445 0.17530864197530863
1 0.31527777777777777 0.4024691358024691 0.10833333333333334 0.1728395061728395
1 0.3215277777777778 0.1382716049382716 0.09861111111111112 0.14320987654320988
1 0.18888888888888888 0.2716049382716049 0.13333333333333333 0.18271604938271604
1 0.6951388888888889 0.48518518518518516 0.17916666666666667 0.2345679012345679
2 0.6583333333333333 0.6 0.13055555555555556 0.24691358024691357
2 0.44097222222222227 0.22839506172839505 0.1486111111111111 0.1308641975308642
2 0.29791666666666666 0.2419753086419753 0.10694444444444445 0.11851851851851852
2 0.19652777777777777 0.42345679012345677 0.12916666666666668 0.16049382716049382
2 0.5805555555555556 0.044444444444444446 0.10277777777777779 0.08395061728395062
2 0.5527777777777778 0.1728395061728395 0.10277777777777779 0.1580246913580247
2 0.4138888888888889 0.14814814814814814 0.10277777777777779 0.10864197530864197
2 0.46597222222222223 0.07777777777777778 0.10138888888888889 0.09135802469135802
1 0.7138888888888889 0.29876543209876544 0.1638888888888889 0.2271604938271605
1 0.725 0.07777777777777778 0.13055555555555556 0.145679012345679
0 0.06597222222222222 0.4765432098765432 0.12916666666666668 0.21234567901234566
2 0.7208333333333333 0.9716049382716049 0.1527777777777778 0.056790123456790124
1 0.6465277777777778 0.19506172839506172 0.12916666666666668 0.17777777777777778
1 0.12986111111111112 0.12222222222222222 0.09861111111111112 0.17037037037037037
1 0.5305555555555556 0.03580246913580247 0.08333333333333334 0.06666666666666667
1 0.03333333333333333 0.1654320987654321 0.0638888888888889 0.1876543209876543
2 0.20625000000000002 0.1469135802469136 0.10416666666666667 0.12098765432098765
