2 0.545138888888889 0.8222222222222222 0.26805555555555555 0.35555555555555557
0 0.7027777777777778 0.46172839506172836 0.25833333333333336 0.2962962962962963
1 0.6722222222222223 0.2518518518518518 0.1527777777777778 0.19753086419753085
1 0.5402777777777777 0.30123456790123454 0.13055555555555556 0.2222222222222222
2 0.9208333333333334 0.07901234567901234 0.15833333333333333 0.15308641975308643
2 0.20416666666666666 0.3802469135802469 0.08611111111111111 0.13333333333333333
2 0.40555555555555556 0.16296296296296295 0.10555555555555556 0.11851851851851852
2 0.29930555555555555 0.22962962962962963 0.09305555555555556 0.12345679012345678
0 0.9083333333333333 0.754320987654321 0.18333333333333335 0.49135802469135803
1 0.40555555555555556 0.2765432098765432 0.10833333333333334 0.15308641975308643
1 0.30625 0.34814814814814815 0.10694444444444445 0.16790123456790124
2 0.5416666666666667 0.41728395061728396 0.11111111111111112 0.14814814814814814
0 0.10833333333333334 0.45925925925925926 0.11944444444444445 0.16296296296296295
1 0.20347222222222222 0.2641975308641975 0.10138888888888889 0.10864197530864197
1 0.3180555555555556 0.1345679012345679 0.07222222222222223 0.10617283950617283
1 0.17083333333333334 0.14814814814814814 0.075 0.12345679012345678
2 0.9097222222222222 0.445679012345679 0.18055555555555555 0.20987654320987653
1 0.9715277777777778 0.2962962962962963 0.05694444444444444 0.21728395061728395
1 0.5631944444444444 0.11728395061728394 0.13194444444444445 0.1654320987654321
