2 0.65625 0.9518518518518518 0.2125 0.0962962962962963
0 0.8368055555555556 0.6580246913580247 0.3263888888888889 0.3876543209876543
1 0.7881944444444444 0.38271604938271603 0.18472222222222223 0.2765432098765432
1 0.4083333333333333 0.3111111111111111 0.15 0.19753086419753085
1 0.29583333333333334 0.39753086419753086 0.10833333333333334 0.1728395061728395
1 0.2972222222222222 0.1037037037037037 0.09166666666666667 0.12345679012345678
1 0.17222222222222222 0.24444444444444444 0.13333333333333333 0.17777777777777778
1 0.6430555555555556 0.42592592592592593 0.15833333333333333 0.254320987654321
2 0.6215277777777778 0.5654320987654321 0.12916666666666668 0.2222222222222222
2 0.41805555555555557 0.20493827160493827 0.15833333333333333 0.13333333333333333
2 0.28402777777777777 0.24691358024691357 0.1125 0.14320987654320988
2 0.16875 0.4012345679012346 0.1125 0.16049382716049382
2 0.5520833333333334 0.044444444444444446 0.10694444444444445 0.08395061728395062
2 0.5319444444444444 0.15061728395061727 0.10277777777777779 0.1580246913580247
2 0.39513888888888893 0.13580246913580246 0.10972222222222222 0.12345679012345678
2 0.43680555555555556 0.050617283950617285 0.09305555555555556 0.08641975308641975
1 0.6548611111111111 0.2271604938271605 0.12916666666666668 0.1876543209876543
1 0.6777777777777778 0.06419753086419754 0.13611111111111113 0.12345679012345678
0 0.06180555555555556 0.43580246913580245 0.11805555555555557 0.20987654320987653
2 0.9784722222222223 0.17777777777777778 0.043055555555555555 0.15308641975308643
1 0.12291666666666667 0.09382716049382715 0.09583333333333334 0.15308641975308643
2 0.19652777777777777 0.12962962962962962 0.09305555555555556 0.1111111111111111
