0 0.9013888888888889 0.6839506172839506 0.19722222222222224 0.6320987654320988
2 0.5465277777777778 0.6271604938271604 0.22916666666666669 0.291358024691358
0 0.6930555555555555 0.3308641975308642 0.22777777777777777 0.24691358024691357
1 0.5743055555555556 0.14814814814814814 0.14027777777777778 0.25679012345679014
2 0.5611111111111111 0.8777777777777778 0.27222222222222225 0.24444444444444444
1 0.9631944444444445 0.1765432098765432 0.07361111111111111 0.24444444444444444
1 0.6715277777777778 0.16419753086419753 0.1486111111111111 0.18024691358024691
1 0.4326388888888889 0.16296296296296295 0.1125 0.11358024691358025
1 0.34305555555555556 0.2345679012345679 0.10833333333333334 0.16790123456790124
2 0.5638888888888889 0.32098765432098764 0.06944444444444445 0.09876543209876543
2 0.4430555555555556 0.07777777777777778 0.10833333333333334 0.09135802469135802
2 0.34652777777777777 0.13580246913580246 0.07083333333333333 0.07901234567901234
2 0.2638888888888889 0.2740740740740741 0.08888888888888889 0.11851851851851852
0 0.18194444444444446 0.34074074074074073 0.09722222222222222 0.15308641975308643
1 0.2652777777777778 0.16419753086419753 0.08333333333333334 0.13580246913580246
2 0.8972222222222223 0.30864197530864196 0.20555555555555557 0.16296296296296295
1 0.37083333333333335 0.05555555555555555 0.06666666666666667 0.08148148148148147
