2 0.5798611111111112 0.8629629629629629 0.27361111111111114 0.2740740740740741
0 0.93125 0.7938271604938272 0.1375 0.41234567901234565
0 0.7256944444444444 0.5209876543209876 0.2625 0.28641975308641976
1 0.6868055555555556 0.2962962962962963 0.15694444444444444 0.2222222222222222
2 0.9395833333333333 0.09382716049382715 0.12083333333333333 0.18271604938271604
1 0.3993055555555556 0.291358024691358 0.10972222222222222 0.15308641975308643
1 0.3194444444444445 0.345679012345679 0.10833333333333334 0.16790123456790124
1 0.5493055555555556 0.3358024691358025 0.12638888888888888 0.2222222222222222
2 0.5569444444444445 0.4691358024691358 0.10555555555555556 0.1728395061728395
2 0.39583333333333337 0.1925925925925926 0.11666666666666667 0.10864197530864197
2 0.29444444444444445 0.2382716049382716 0.08055555555555556 0.10123456790123457
2 0.19722222222222224 0.39012345679012345 0.08888888888888889 0.10864197530864197
2 0.9291666666666667 0.5 0.14166666666666666 0.23950617283950618
1 0.5604166666666667 0.16666666666666666 0.11805555555555557 0.145679012345679
1 0.6152777777777778 0.07037037037037037 0.11944444444444445 0.13580246913580246
0 0.09930555555555556 0.4703703703703704 0.11805555555555557 0.19012345679012346
1 0.19930555555555557 0.2938271604938272 0.09861111111111112 0.1037037037037037
1 0.3180555555555556 0.1469135802469136 0.08611111111111111 0.1111111111111111
1 0.16597222222222222 0.15555555555555556 0.07916666666666666 0.11851851851851852
1 0.49444444444444446 0.024691358024691357 0.06666666666666667 0.044444444444444446
2 0.49930555555555556 0.14814814814814814 0.07361111111111111 0.14320987654320988
