2 0.5986111111111111 0.9160493827160494 0.24166666666666667 0.16790123456790124
0 0.7680555555555556 0.611111111111111 0.3027777777777778 0.3234567901234568
1 0.7347222222222223 0.3493827160493827 0.17500000000000002 0.2641975308641975
2 0.9541666666666667 0.15185185185185185 0.09166666666666667 0.1654320987654321
1 0.3875 0.3172839506172839 0.13333333333333333 0.18518518518518517
1 0.26875 0.39012345679012345 0.10694444444444445 0.17777777777777778
1 0.28541666666666665 0.1111111111111111 0.09027777777777778 0.12345679012345678
1 0.15972222222222224 0.2679012345679012 0.12222222222222223 0.17530864197530863
1 0.5875 0.4037037037037037 0.15 0.22962962962962963
2 0.5791666666666667 0.5308641975308642 0.11111111111111112 0.21728395061728395
2 0.40555555555555556 0.19753086419753085 0.15833333333333333 0.13333333333333333
2 0.26805555555555555 0.23580246913580247 0.10555555555555556 0.1259259259259259
2 0.15416666666666667 0.408641975308642 0.11111111111111112 0.1308641975308642
2 0.5402777777777777 0.030864197530864196 0.08888888888888889 0.056790123456790124
2 0.5090277777777777 0.14074074074074075 0.10138888888888889 0.1580246913580247
2 0.3805555555555556 0.11851851851851852 0.10277777777777779 0.10864197530864197
2 0.42430555555555555 0.03950617283950617 0.08750000000000001 0.07407407407407407
0 0.061111111111111116 0.4641975308641975 0.11944444444444445 0.1728395061728395
2 0.9611111111111111 0.6777777777777778 0.07777777777777778 0.3037037037037037
1 0.6020833333333333 0.22839506172839505 0.14583333333333334 0.17530864197530863
1 0.6534722222222222 0.07160493827160494 0.12361111111111112 0.1382716049382716
1 0.10347222222222223 0.09999999999999999 0.08472222222222223 0.145679012345679
2 0.5354166666666667 0.03333333333333333 0.09861111111111112 0.06172839506172839
2 0.19236111111111112 0.1345679012345679 0.09861111111111112 0.1111111111111111
