2 0.5930555555555556 0.8777777777777778 0.3027777777777778 0.24444444444444444
0 0.9444444444444445 0.8061728395061728 0.11111111111111112 0.3876543209876543
0 0.7493055555555556 0.5617283950617283 0.26805555555555555 0.27901234567901234
1 0.7354166666666667 0.32098765432098764 0.20416666666666666 0.2814814814814815
2 0.9486111111111112 0.09753086419753086 0.10277777777777779 0.19012345679012346
1 0.39166666666666666 0.291358024691358 0.11944444444444445 0.15308641975308643
1 0.2972222222222222 0.36296296296296293 0.10833333333333334 0.16790123456790124
1 0.30972222222222223 0.1345679012345679 0.09166666666666667 0.10617283950617283
1 0.19375 0.2716049382716049 0.08750000000000001 0.12345679012345678
1 0.5777777777777778 0.337037037037037 0.14444444444444446 0.20987654320987653
2 0.5652777777777778 0.49382716049382713 0.10833333333333334 0.1728395061728395
2 0.4 0.19753086419753085 0.1277777777777778 0.13333333333333333
2 0.27847222222222223 0.22469135802469134 0.08472222222222223 0.10864197530864197
2 0.18333333333333335 0.37777777777777777 0.08888888888888889 0.10864197530864197
2 0.9437500000000001 0.5432098765432098 0.1125 0.21728395061728395
1 0.5868055555555556 0.16296296296296295 0.13194444444444445 0.15308641975308643
0 0.08333333333333334 0.4493827160493827 0.11666666666666667 0.17777777777777778
2 0.39861111111111114 0.10740740740740741 0.08055555555555556 0.09135802469135802
1 0.14652777777777778 0.12345679012345678 0.08472222222222223 0.12345679012345678
2 0.5145833333333334 0.12962962962962962 0.08194444444444444 0.15555555555555556
1 0.6631944444444444 0.05925925925925926 0.13194444444444445 0.11358024691358025
