0 0.8638888888888889 0.7074074074074074 0.27222222222222225 0.30864197530864196
1 0.8659722222222223 0.4530864197530864 0.16805555555555557 0.24938271604938272
1 0.41805555555555557 0.35432098765432096 0.13055555555555556 0.17530864197530863
1 0.3138888888888889 0.43333333333333335 0.14166666666666666 0.22469135802469134
1 0.3090277777777778 0.14444444444444443 0.09861111111111112 0.145679012345679
1 0.17222222222222222 0.28888888888888886 0.1388888888888889 0.20246913580246914
1 0.6916666666666667 0.48518518518518516 0.17777777777777778 0.22962962962962963
2 0.675 0.571604938271605 0.14166666666666666 0.2691358024691358
2 0.4340277777777778 0.23703703703703705 0.1486111111111111 0.13333333333333333
2 0.28541666666666665 0.25925925925925924 0.10694444444444445 0.12345679012345678
2 0.18333333333333335 0.4580246913580247 0.125 0.17037037037037037
2 0.5604166666666667 0.04567901234567901 0.10416666666666667 0.08641975308641975
2 0.5458333333333334 0.16790123456790124 0.10277777777777779 0.1580246913580247
2 0.38819444444444445 0.15185185185185185 0.10416666666666667 0.1111111111111111
2 0.4465277777777778 0.08148148148148147 0.10138888888888889 0.08888888888888889
1 0.6368055555555556 0.19753086419753085 0.13194444444444445 0.19753086419753085
1 0.6930555555555555 0.07654320987654321 0.13055555555555556 0.14814814814814814
0 0.06527777777777778 0.5037037037037037 0.1277777777777778 0.2222222222222222
2 0.7486111111111111 0.9617283950617284 0.16944444444444445 0.07654320987654321
1 0.7118055555555556 0.2839506172839506 0.1736111111111111 0.1925925925925926
1 0.08750000000000001 0.12469135802469136 0.08888888888888889 0.16049382716049382
2 0.17222222222222222 0.15432098765432098 0.1 0.1111111111111111
2 0.9833333333333334 0.17160493827160495 0.03333333333333333 0.1259259259259259
