1 0.4798611111111111 0.6506172839506172 0.20694444444444446 0.24444444444444444
1 0.3236111111111111 0.7790123456790123 0.24722222222222223 0.39753086419753086
1 0.2847222222222222 0.29876543209876544 0.13333333333333333 0.16296296296296295
1 0.10902777777777778 0.545679012345679 0.2152777777777778 0.3308641975308642
1 0.9305555555555556 0.7765432098765432 0.13333333333333333 0.41728395061728396
2 0.8618055555555556 0.8839506172839506 0.10138888888888889 0.23209876543209876
2 0.5083333333333333 0.4839506172839506 0.24166666666666667 0.23703703703703705
2 0.26944444444444443 0.4839506172839506 0.14444444444444446 0.2074074074074074
2 0.12222222222222223 0.7790123456790123 0.23611111111111113 0.3037037037037037
2 0.6159722222222223 0.1271604938271605 0.12916666666666668 0.19999999999999998
2 0.6159722222222223 0.3395061728395062 0.1625 0.2345679012345679
2 0.4131944444444445 0.3172839506172839 0.14305555555555557 0.17037037037037037
2 0.46319444444444446 0.19012345679012346 0.12638888888888888 0.14814814814814814
1 0.7868055555555555 0.39999999999999997 0.2263888888888889 0.34074074074074073
1 0.8243055555555556 0.18888888888888888 0.19583333333333333 0.2839506172839506
2 0.9090277777777778 0.07037037037037037 0.1625 0.13580246913580246
2 0.7194444444444444 0.07407407407407407 0.10277777777777779 0.13333333333333333
1 0.5180555555555556 0.07530864197530864 0.10833333333333334 0.145679012345679
2 0.33611111111111114 0.1925925925925926 0.11666666666666667 0.12839506172839507
2 0.16041666666666668 0.4345679012345679 0.1486111111111111 0.1382716049382716
2 0.11111111111111112 0.291358024691358 0.1277777777777778 0.14814814814814814
1 0.035416666666666666 0.25925925925925924 0.06805555555555556 0.19753086419753085
