1 0.3215277777777778 0.46543209876543207 0.18472222222222223 0.2691358024691358
1 0.12222222222222223 0.8493827160493826 0.24166666666666667 0.30123456790123454
2 0.7104166666666667 0.8111111111111111 0.3763888888888889 0.37777777777777777
2 0.30972222222222223 0.7567901234567901 0.2138888888888889 0.32839506172839505
2 0.7312500000000001 0.26666666666666666 0.18194444444444446 0.2419753086419753
2 0.8125 0.5679012345679012 0.2611111111111111 0.3308641975308642
2 0.4979166666666667 0.5308641975308642 0.1902777777777778 0.2617283950617284
2 0.5368055555555555 0.3234567901234568 0.17916666666666667 0.2074074074074074
1 0.95625 0.6580246913580247 0.08750000000000001 0.3382716049382716
1 0.9409722222222222 0.3395061728395062 0.11805555555555557 0.34814814814814815
2 0.9868055555555556 0.14320987654320988 0.018055555555555557 0.11358024691358025
2 0.8534722222222223 0.1382716049382716 0.19861111111111113 0.2419753086419753
1 0.6041666666666667 0.1308641975308642 0.14166666666666666 0.2222222222222222
2 0.37430555555555556 0.32839506172839505 0.12083333333333333 0.1580246913580247
2 0.15069444444444444 0.6876543209876543 0.23472222222222222 0.29876543209876544
2 0.08263888888888889 0.41728395061728396 0.1625 0.1925925925925926
2 0.14166666666666666 0.18641975308641975 0.11944444444444445 0.145679012345679
