1 0.45416666666666666 0.5876543209876544 0.16944444444444445 0.21234567901234566
1 0.3138888888888889 0.7024691358024692 0.2111111111111111 0.3432098765432099
1 0.28055555555555556 0.27037037037037037 0.11944444444444445 0.16049382716049382
1 0.125 0.5111111111111111 0.2111111111111111 0.2962962962962963
1 0.8895833333333334 0.6975308641975309 0.22083333333333335 0.6049382716049383
2 0.8402777777777778 0.8716049382716049 0.17500000000000002 0.25679012345679014
2 0.49097222222222225 0.42962962962962964 0.2152777777777778 0.23209876543209876
2 0.26805555555555555 0.4382716049382716 0.13055555555555556 0.18518518518518517
2 0.14097222222222222 0.7209876543209877 0.2125 0.2765432098765432
2 0.6013888888888889 0.12345679012345678 0.10833333333333334 0.14320987654320988
2 0.6118055555555556 0.3074074074074074 0.14027777777777778 0.19506172839506172
2 0.40694444444444444 0.28641975308641976 0.13055555555555556 0.13333333333333333
2 0.45208333333333334 0.18024691358024691 0.10416666666666667 0.11851851851851852
1 0.7527777777777778 0.3530864197530864 0.2111111111111111 0.32098765432098764
1 0.7923611111111112 0.1419753086419753 0.18472222222222223 0.24938271604938272
2 0.8868055555555556 0.06049382716049383 0.15694444444444444 0.11604938271604938
2 0.7083333333333334 0.06790123456790123 0.10277777777777779 0.1308641975308642
1 0.5166666666666667 0.06790123456790123 0.09444444444444444 0.1308641975308642
2 0.33958333333333335 0.17777777777777778 0.1125 0.12345679012345678
2 0.17777777777777778 0.3962962962962963 0.14444444444444446 0.12098765432098765
2 0.12916666666666668 0.2777777777777778 0.12222222222222223 0.14074074074074075
1 0.04791666666666667 0.2518518518518518 0.09305555555555556 0.20246913580246914
