1 0.4840277777777778 0.5246913580246914 0.1513888888888889 0.20493827160493827
1 0.35208333333333336 0.6 0.1736111111111111 0.30123456790123454
1 0.3340277777777778 0.25925925925925924 0.10694444444444445 0.14320987654320988
1 0.19444444444444445 0.45185185185185184 0.16111111111111112 0.23209876543209876
1 0.8715277777777778 0.6481481481481481 0.2569444444444445 0.5209876543209876
2 0.8131944444444444 0.825925925925926 0.21805555555555556 0.3135802469135802
2 0.4916666666666667 0.38271604938271603 0.1638888888888889 0.1728395061728395
2 0.31666666666666665 0.3987654320987654 0.13055555555555556 0.18518518518518517
2 0.20347222222222222 0.6074074074074074 0.1763888888888889 0.23209876543209876
2 0.6118055555555556 0.1345679012345679 0.10416666666666667 0.13580246913580246
2 0.6055555555555556 0.2876543209876543 0.1277777777777778 0.16049382716049382
2 0.4326388888888889 0.2691358024691358 0.10972222222222222 0.11851851851851852
2 0.4777777777777778 0.17407407407407408 0.11111111111111112 0.1111111111111111
1 0.7208333333333333 0.32222222222222224 0.14166666666666666 0.2345679012345679
1 0.7715277777777778 0.17777777777777778 0.14305555555555557 0.2222222222222222
2 0.8743055555555556 0.0691358024691358 0.15972222222222224 0.13333333333333333
2 0.7055555555555556 0.07654320987654321 0.10277777777777779 0.11358024691358025
1 0.545138888888889 0.06790123456790123 0.09583333333333334 0.12098765432098765
0 0.06736111111111111 0.6987654320987654 0.13194444444444445 0.2518518518518518
1 0.1076388888888889 0.2419753086419753 0.10416666666666667 0.1728395061728395
2 0.18680555555555556 0.25679012345679014 0.09861111111111112 0.11851851851851852
