1 0.6 0.9074074074074074 0.28611111111111115 0.18518518518518517
1 0.40069444444444446 0.9024691358024691 0.24027777777777778 0.19506172839506172
1 0.2951388888888889 0.41358024691358025 0.1375 0.18518518518518517
1 0.11041666666666668 0.8061728395061728 0.21805555555555556 0.3876543209876543
2 0.6215277777777778 0.6975308641975309 0.30694444444444446 0.32839506172839505
2 0.2965277777777778 0.6358024691358024 0.16805555555555557 0.25925925925925924
2 0.6902777777777778 0.21234567901234566 0.15833333333333333 0.2074074074074074
2 0.7430555555555556 0.4765432098765432 0.2138888888888889 0.2765432098765432
2 0.46805555555555556 0.4469135802469136 0.15833333333333333 0.23209876543209876
2 0.5055555555555555 0.2654320987654321 0.15833333333333333 0.19506172839506172
1 0.9173611111111112 0.5592592592592592 0.1625 0.3333333333333333
1 0.9145833333333334 0.30123456790123454 0.15972222222222224 0.34074074074074073
2 0.9583333333333334 0.11234567901234567 0.075 0.15061728395061727
2 0.8069444444444445 0.1037037037037037 0.1638888888888889 0.1925925925925926
1 0.5680555555555555 0.10246913580246914 0.11666666666666667 0.17037037037037037
2 0.35694444444444445 0.28888888888888886 0.12222222222222223 0.1580246913580247
2 0.1527777777777778 0.5925925925925926 0.20833333333333334 0.23703703703703705
2 0.07708333333333334 0.35061728395061725 0.14305555555555557 0.16790123456790124
