1 0.5770833333333334 0.8703703703703703 0.23472222222222222 0.24938271604938272
1 0.3729166666666667 0.8753086419753087 0.27361111111111114 0.24938271604938272
1 0.30069444444444443 0.3753086419753086 0.16527777777777777 0.2271604938271605
1 0.09861111111111112 0.7666666666666666 0.19444444444444445 0.4271604938271605
2 0.6006944444444444 0.6370370370370371 0.3236111111111111 0.3358024691358025
2 0.27847222222222223 0.5802469135802469 0.2013888888888889 0.32098765432098764
2 0.12847222222222224 0.8962962962962963 0.25416666666666665 0.2074074074074074
2 0.6756944444444445 0.19012345679012346 0.15694444444444444 0.2074074074074074
2 0.7173611111111111 0.4345679012345679 0.20694444444444446 0.2716049382716049
2 0.4513888888888889 0.4111111111111111 0.1638888888888889 0.23950617283950618
2 0.49236111111111114 0.23580246913580247 0.15694444444444444 0.19012345679012346
1 0.9055555555555556 0.5419753086419753 0.18888888888888888 0.36790123456790125
1 0.9013888888888889 0.2580246913580247 0.18611111111111112 0.3382716049382716
2 0.9506944444444445 0.07530864197530864 0.09861111111111112 0.145679012345679
2 0.7805555555555556 0.09259259259259259 0.15555555555555556 0.18024691358024691
1 0.5618055555555556 0.08641975308641975 0.11805555555555557 0.1580246913580247
2 0.35000000000000003 0.24938271604938272 0.12222222222222223 0.1580246913580247
2 0.14791666666666667 0.5395061728395062 0.19305555555555556 0.20987654320987653
2 0.08194444444444444 0.3148148148148148 0.1527777777777778 0.18024691358024691
