1 0.4986111111111111 0.7123456790123457 0.2 0.2641975308641975
1 0.33333333333333337 0.817283950617284 0.26666666666666666 0.3654320987654321
1 0.29097222222222224 0.3259259259259259 0.14583333333333334 0.18271604938271604
1 0.10694444444444445 0.619753086419753 0.2111111111111111 0.35555555555555557
1 0.9548611111111112 0.8617283950617284 0.09027777777777778 0.2765432098765432
2 0.9368055555555556 0.9432098765432099 0.07361111111111111 0.11358024691358025
2 0.5444444444444445 0.5382716049382716 0.26944444444444443 0.2518518518518518
2 0.2888888888888889 0.5185185185185185 0.17222222222222222 0.23703703703703705
2 0.11805555555555557 0.8358024691358025 0.23333333333333334 0.32839506172839505
2 0.6493055555555556 0.15555555555555556 0.14027777777777778 0.1925925925925926
2 0.6631944444444444 0.3753086419753086 0.19861111111111113 0.2617283950617284
2 0.4305555555555556 0.35061728395061725 0.14444444444444446 0.18271604938271604
2 0.4763888888888889 0.21234567901234566 0.1277777777777778 0.14814814814814814
1 0.8361111111111111 0.4506172839506173 0.24166666666666667 0.3728395061728395
1 0.8638888888888889 0.22839506172839505 0.21944444444444444 0.3135802469135802
2 0.9270833333333334 0.07777777777777778 0.14583333333333334 0.15061728395061727
2 0.75625 0.07160493827160494 0.13472222222222222 0.1382716049382716
1 0.5430555555555556 0.07901234567901234 0.11388888888888889 0.15308641975308643
2 0.34305555555555556 0.22592592592592592 0.1277777777777778 0.1259259259259259
2 0.16458333333333333 0.4641975308641975 0.16527777777777777 0.1580246913580247
2 0.10486111111111111 0.291358024691358 0.13194444444444445 0.1580246913580247
1 0.0375 0.26666666666666666 0.07222222222222223 0.21728395061728395
