1 0.6354166666666667 0.9345679012345679 0.28194444444444444 0.1308641975308642
1 0.3944444444444445 0.9382716049382716 0.21666666666666667 0.11358024691358025
1 0.29583333333333334 0.454320987654321 0.15 0.21728395061728395
1 0.12152777777777778 0.8382716049382716 0.24027777777777778 0.3234567901234568
2 0.6527777777777778 0.762962962962963 0.31666666666666665 0.35555555555555557
2 0.3076388888888889 0.7037037037037037 0.20416666666666666 0.3111111111111111
2 0.7027777777777778 0.2419753086419753 0.15833333333333333 0.2074074074074074
2 0.7604166666666667 0.5358024691358024 0.24305555555555555 0.3308641975308642
2 0.4756944444444445 0.4901234567901234 0.16527777777777777 0.24938271604938272
2 0.5166666666666667 0.3098765432098765 0.15833333333333333 0.19506172839506172
1 0.9215277777777778 0.6530864197530865 0.15694444444444444 0.35802469135802467
1 0.9208333333333334 0.3160493827160494 0.15833333333333333 0.3753086419753086
2 0.96875 0.12962962962962962 0.0625 0.17037037037037037
2 0.8229166666666667 0.13950617283950617 0.17083333333333334 0.20987654320987653
1 0.5826388888888889 0.11234567901234567 0.1375 0.20987654320987653
2 0.3736111111111111 0.3111111111111111 0.1388888888888889 0.1876543209876543
2 0.15347222222222223 0.645679012345679 0.22361111111111112 0.2641975308641975
2 0.08194444444444444 0.3888888888888889 0.16111111111111112 0.19999999999999998
2 0.14583333333333334 0.18518518518518517 0.10555555555555556 0.12839506172839507
