1 0.4743055555555556 0.5407407407407407 0.14305555555555557 0.1728395061728395
1 0.3416666666666667 0.6419753086419753 0.18333333333333335 0.28641975308641976
1 0.3180555555555556 0.2691358024691358 0.10555555555555556 0.14320987654320988
1 0.15555555555555556 0.48518518518518516 0.16111111111111112 0.22962962962962963
1 0.8833333333333334 0.6703703703703704 0.21666666666666667 0.4765432098765432
2 0.8416666666666667 0.8469135802469135 0.20277777777777778 0.2814814814814815
2 0.49444444444444446 0.4074074074074074 0.20277777777777778 0.19753086419753085
2 0.3013888888888889 0.4222222222222222 0.13055555555555556 0.18271604938271604
2 0.17222222222222222 0.6592592592592592 0.18611111111111112 0.23209876543209876
2 0.6055555555555556 0.12962962962962962 0.10555555555555556 0.14074074074074075
2 0.6062500000000001 0.3074074074074074 0.15416666666666667 0.19506172839506172
2 0.42291666666666666 0.27530864197530863 0.13194444444444445 0.145679012345679
2 0.4652777777777778 0.17901234567901234 0.125 0.13580246913580246
1 0.7375 0.3308641975308642 0.18333333333333335 0.2716049382716049
1 0.7902777777777779 0.1617283950617284 0.16111111111111112 0.22962962962962963
2 0.8777777777777778 0.06419753086419754 0.15833333333333333 0.12345679012345678
2 0.7041666666666667 0.0654320987654321 0.10277777777777779 0.1259259259259259
1 0.5319444444444444 0.06790123456790123 0.09444444444444444 0.1308641975308642
2 0.34444444444444444 0.18888888888888888 0.10555555555555556 0.11604938271604938
2 0.16805555555555557 0.25925925925925924 0.12222222222222223 0.13333333333333333
0 0.043055555555555555 0.6987654320987654 0.08333333333333334 0.1876543209876543
1 0.075 0.2419753086419753 0.10277777777777779 0.17777777777777778
