1 0.9263888888888889 0.562962962962963 0.14722222222222223 0.3111111111111111
1 0.4666666666666667 0.45925925925925926 0.13055555555555556 0.1728395061728395
1 0.3416666666666667 0.5407407407407407 0.14166666666666666 0.2814814814814815
1 0.32083333333333336 0.20246913580246914 0.125 0.18271604938271604
1 0.1875 0.3802469135802469 0.15833333333333333 0.21728395061728395
1 0.7625000000000001 0.6061728395061728 0.17777777777777778 0.28888888888888886
2 0.7444444444444445 0.6864197530864198 0.16944444444444445 0.2765432098765432
2 0.45833333333333337 0.30864197530864196 0.1527777777777778 0.14320987654320988
2 0.30486111111111114 0.3493827160493827 0.11527777777777778 0.18518518518518517
2 0.19930555555555557 0.5358024691358024 0.1486111111111111 0.16790123456790124
2 0.5826388888888889 0.09382716049382715 0.10138888888888889 0.12839506172839507
2 0.5680555555555555 0.2345679012345679 0.11388888888888889 0.1580246913580247
2 0.4104166666666667 0.2222222222222222 0.10972222222222222 0.11851851851851852
2 0.4527777777777778 0.14074074074074075 0.10277777777777779 0.10864197530864197
1 0.6756944444444445 0.25308641975308643 0.13194444444444445 0.19506172839506172
1 0.7305555555555556 0.11604938271604938 0.14444444444444446 0.1876543209876543
0 0.06458333333333334 0.6246913580246913 0.12638888888888888 0.2518518518518518
0 0.8930555555555556 0.8271604938271605 0.2111111111111111 0.345679012345679
1 0.7652777777777778 0.3950617283950617 0.17222222222222222 0.23703703703703705
2 0.8194444444444445 0.05185185185185185 0.15555555555555556 0.09876543209876543
1 0.513888888888889 0.05555555555555555 0.09722222222222222 0.10617283950617283
1 0.0951388888888889 0.19753086419753085 0.09027777777777778 0.1580246913580247
2 0.17708333333333334 0.23086419753086418 0.10972222222222222 0.12098765432098765
