1 0.33819444444444446 0.6259259259259259 0.23194444444444445 0.34814814814814815
2 0.8020833333333334 0.9320987654320988 0.25416666666666665 0.13580246913580246
2 0.34652777777777777 0.8728395061728395 0.2569444444444445 0.254320987654321
2 0.8194444444444445 0.3814814814814815 0.2138888888888889 0.27901234567901234
2 0.8986111111111111 0.774074074074074 0.20277777777777778 0.41728395061728396
2 0.5638888888888889 0.6901234567901234 0.225 0.3234567901234568
2 0.5951388888888889 0.44320987654320987 0.2013888888888889 0.25925925925925924
2 0.9166666666666667 0.23209876543209876 0.16666666666666669 0.26666666666666666
1 0.6493055555555556 0.21728395061728395 0.16805555555555557 0.24691358024691357
2 0.3993055555555556 0.43209876543209874 0.14583333333333334 0.20246913580246914
2 0.14166666666666666 0.854320987654321 0.28055555555555556 0.291358024691358
2 0.07569444444444445 0.5135802469135803 0.1486111111111111 0.23703703703703705
2 0.12013888888888889 0.2506172839506173 0.1375 0.145679012345679
1 0.22361111111111112 0.07407407407407407 0.11111111111111112 0.1382716049382716
