1 0.32083333333333336 0.49135802469135803 0.2138888888888889 0.2814814814814815
1 0.11527777777777778 0.8481481481481481 0.22777777777777777 0.3037037037037037
2 0.7555555555555555 0.8148148148148148 0.425 0.37037037037037035
2 0.30347222222222225 0.7716049382716049 0.22916666666666669 0.37777777777777777
2 0.7590277777777779 0.25925925925925924 0.19305555555555556 0.23703703703703705
2 0.8520833333333334 0.5481481481481482 0.28750000000000003 0.345679012345679
2 0.5034722222222222 0.5308641975308642 0.18472222222222223 0.28641975308641976
2 0.5444444444444445 0.31851851851851853 0.18611111111111112 0.21728395061728395
1 0.9854166666666667 0.5901234567901235 0.018055555555555557 0.21234567901234566
1 0.9708333333333333 0.3234567901234568 0.058333333333333334 0.3160493827160494
2 0.8840277777777779 0.1259259259259259 0.20694444444444446 0.2222222222222222
1 0.6069444444444445 0.12222222222222222 0.1638888888888889 0.23950617283950618
2 0.3770833333333333 0.34074074074074073 0.12361111111111112 0.16296296296296295
2 0.13125 0.6950617283950618 0.24583333333333335 0.3135802469135802
2 0.07708333333333334 0.4074074074074074 0.1513888888888889 0.19753086419753085
2 0.1326388888888889 0.17530864197530863 0.14027777777777778 0.1580246913580247
