1 0.5527777777777778 0.4111111111111111 0.225 0.28888888888888886
1 0.5013888888888889 0.837037037037037 0.43333333333333335 0.3259259259259259
2 0.9666666666666667 0.6395061728395062 0.06666666666666667 0.23703703703703705
2 0.6291666666666667 0.6864197530864198 0.22222222222222224 0.37037037037037035
2 0.9208333333333334 0.15185185185185185 0.15833333333333333 0.2641975308641975
2 0.7791666666666667 0.4271604938271605 0.2111111111111111 0.2765432098765432
2 0.7527777777777778 0.23209876543209876 0.19444444444444445 0.2271604938271605
1 0.7465277777777778 0.07530864197530864 0.15416666666666667 0.145679012345679
2 0.5319444444444444 0.23333333333333334 0.18611111111111112 0.15555555555555556
2 0.4118055555555556 0.6950617283950618 0.26805555555555555 0.41234567901234565
2 0.18333333333333335 0.37160493827160496 0.18333333333333335 0.2641975308641975
2 0.19236111111111112 0.12839506172839507 0.1375 0.16790123456790124
2 0.061111111111111116 0.2037037037037037 0.10555555555555556 0.13580246913580246
1 0.05277777777777778 0.34444444444444444 0.10277777777777779 0.32839506172839505
1 0.9416666666666667 0.9333333333333333 0.11666666666666667 0.12345679012345678
