1 0.31875000000000003 0.5407407407407407 0.20416666666666666 0.3259259259259259
1 0.10208333333333333 0.9246913580246914 0.2013888888888889 0.15061728395061727
2 0.7625000000000001 0.8716049382716049 0.35000000000000003 0.25679012345679014
2 0.31666666666666665 0.8345679012345679 0.2555555555555556 0.3308641975308642
2 0.7784722222222222 0.3172839506172839 0.20416666666666666 0.2691358024691358
2 0.8701388888888889 0.7 0.25972222222222224 0.4222222222222222
2 0.5194444444444445 0.6185185185185185 0.2 0.3037037037037037
2 0.5548611111111111 0.3888888888888889 0.19583333333333333 0.24444444444444444
1 0.9812500000000001 0.39753086419753086 0.0375 0.16790123456790124
2 0.9097222222222222 0.18148148148148147 0.18055555555555555 0.24938271604938272
1 0.6243055555555556 0.1691358024691358 0.1486111111111111 0.23950617283950618
2 0.3763888888888889 0.36666666666666664 0.14722222222222223 0.19999999999999998
2 0.12708333333333333 0.7888888888888889 0.2513888888888889 0.3432098765432099
2 0.06736111111111111 0.4506172839506173 0.13194444444444445 0.22469135802469134
2 0.11527777777777778 0.20246913580246914 0.13333333333333333 0.14320987654320988
