1 0.6256944444444444 0.3790123456790123 0.22916666666666669 0.3382716049382716
1 0.6118055555555556 0.8185185185185185 0.4486111111111111 0.36296296296296293
2 0.7027777777777778 0.654320987654321 0.25833333333333336 0.39012345679012345
2 0.9416666666666667 0.1111111111111111 0.11666666666666667 0.21728395061728395
2 0.8465277777777778 0.4012345679012346 0.2263888888888889 0.2839506172839506
2 0.7979166666666667 0.19012345679012346 0.2152777777777778 0.21728395061728395
1 0.7979166666666667 0.05555555555555555 0.18194444444444446 0.10617283950617283
2 0.5805555555555556 0.18641975308641975 0.15555555555555556 0.17037037037037037
2 0.46944444444444444 0.6753086419753086 0.26944444444444443 0.437037037037037
2 0.2111111111111111 0.345679012345679 0.19166666666666668 0.26666666666666666
2 0.2076388888888889 0.10246913580246914 0.13472222222222222 0.145679012345679
2 0.08680555555555555 0.18888888888888888 0.11805555555555557 0.145679012345679
1 0.059722222222222225 0.28518518518518515 0.11666666666666667 0.27901234567901234
0 0.029861111111111113 0.508641975308642 0.05694444444444444 0.23209876543209876
0 0.4013888888888889 0.9493827160493827 0.10277777777777779 0.10123456790123457
