1 0.5319444444444444 0.4271604938271605 0.23611111111111113 0.3111111111111111
1 0.4479166666666667 0.8641975308641975 0.40972222222222227 0.2716049382716049
2 0.9541666666666667 0.7345679012345678 0.08611111111111111 0.28888888888888886
2 0.576388888888889 0.7222222222222222 0.2555555555555556 0.4074074074074074
2 0.9180555555555556 0.21728395061728395 0.1638888888888889 0.2765432098765432
2 0.9861111111111112 0.5382716049382716 0.02777777777777778 0.14814814814814814
2 0.7548611111111111 0.48518518518518516 0.22083333333333335 0.2938271604938272
2 0.7340277777777778 0.26666666666666666 0.19583333333333333 0.23209876543209876
1 0.7583333333333334 0.09012345679012346 0.17222222222222222 0.17530864197530863
2 0.5409722222222222 0.25925925925925924 0.13194444444444445 0.16296296296296295
2 0.36736111111111114 0.7135802469135802 0.2902777777777778 0.4049382716049383
2 0.15416666666666667 0.3493827160493827 0.18888888888888888 0.27901234567901234
2 0.18125 0.09506172839506173 0.12361111111111112 0.145679012345679
1 0.04583333333333334 0.28888888888888886 0.08888888888888889 0.32098765432098764
2 0.061111111111111116 0.16296296296296295 0.11111111111111112 0.14320987654320988
