1 0.35555555555555557 0.6333333333333333 0.23611111111111113 0.36296296296296293
2 0.8527777777777779 0.9358024691358025 0.25277777777777777 0.12839506172839507
2 0.36944444444444446 0.8839506172839506 0.23333333333333334 0.23209876543209876
2 0.8444444444444444 0.36790123456790125 0.22777777777777777 0.2962962962962963
2 0.9222222222222223 0.7802469135802469 0.15555555555555556 0.4246913580246913
2 0.6 0.7086419753086419 0.22777777777777777 0.3358024691358025
2 0.6131944444444445 0.437037037037037 0.2125 0.24691358024691357
2 0.9284722222222223 0.21728395061728395 0.14305555555555557 0.2765432098765432
1 0.6659722222222223 0.1962962962962963 0.1736111111111111 0.23950617283950618
2 0.40694444444444444 0.437037037037037 0.1527777777777778 0.2074074074074074
2 0.14930555555555555 0.8691358024691358 0.29583333333333334 0.2617283950617284
2 0.06666666666666667 0.5172839506172839 0.13055555555555556 0.27901234567901234
2 0.10902777777777778 0.2419753086419753 0.14027777777777778 0.14320987654320988
1 0.20486111111111113 0.07530864197530864 0.12083333333333333 0.145679012345679
