1 0.6534722222222222 0.35432098765432096 0.24861111111111112 0.3333333333333333
1 0.7145833333333333 0.8037037037037037 0.5097222222222222 0.3925925925925926
2 0.7659722222222223 0.619753086419753 0.2569444444444445 0.3802469135802469
2 0.9694444444444444 0.07654320987654321 0.061111111111111116 0.14814814814814814
2 0.8861111111111112 0.35061728395061725 0.22777777777777777 0.3160493827160494
2 0.8319444444444445 0.14320987654320988 0.19166666666666668 0.2074074074074074
1 0.8125 0.027160493827160494 0.15555555555555556 0.04938271604938271
2 0.6326388888888889 0.1617283950617284 0.18472222222222223 0.12098765432098765
2 0.5166666666666667 0.6654320987654321 0.275 0.46172839506172836
2 0.22083333333333335 0.3395061728395062 0.19444444444444445 0.254320987654321
2 0.22916666666666669 0.10740740740740741 0.1277777777777778 0.145679012345679
2 0.08819444444444445 0.18395061728395062 0.11805555555555557 0.145679012345679
1 0.06597222222222222 0.2802469135802469 0.12916666666666668 0.29876543209876544
0 0.0375 0.5172839506172839 0.07222222222222223 0.254320987654321
0 0.45625000000000004 0.9345679012345679 0.11805555555555557 0.1308641975308642
