1 0.4575 0.8866666666666667 0.095 0.10666666666666667
1 0.03 0.7216666666666667 0.055 0.11
1 0.54625 0.6633333333333333 0.0975 0.1
1 0.59125 0.5133333333333334 0.0825 0.11333333333333334
1 0.89875 0.38833333333333336 0.0825 0.08333333333333334
1 0.69125 0.1366666666666667 0.0625 0.04666666666666667
1 0.79625 0.25333333333333335 0.0575 0.06666666666666667
1 0.76125 0.21666666666666667 0.0525 0.060000000000000005
1 0.8175 0.19833333333333333 0.055 0.05666666666666667
1 0.25875 0.16166666666666668 0.0575 0.05
1 0.49375 0.17666666666666667 0.0525 0.06666666666666667
1 0.55625 0.19 0.0675 0.04666666666666667
1 0.3775 0.15333333333333335 0.05 0.05333333333333334
1 0.61875 0.060000000000000005 0.0425 0.02666666666666667
1 0.6625 0.07500000000000001 0.035 0.030000000000000002
1 0.445 0.07500000000000001 0.035 0.03666666666666667
1 0.8475 0.15000000000000002 0.035 0.04666666666666667
