1 0.61875 0.6283333333333334 0.0825 0.10333333333333335
1 0.2625 0.9650000000000001 0.12 0.07
1 0.705 0.625 0.07 0.08333333333333334
1 0.78125 0.5900000000000001 0.0775 0.12000000000000001
1 0.6950000000000001 0.4816666666666667 0.055 0.07
1 0.72 0.4216666666666667 0.06 0.06333333333333334
1 0.9625 0.49500000000000005 0.075 0.11666666666666667
1 0.4475 0.37333333333333335 0.075 0.07333333333333333
1 0.5675 0.20500000000000002 0.045 0.05
1 0.56125 0.023333333333333334 0.0525 0.04
1 0.65 0.04 0.035 0.04
