1 0.25125000000000003 0.7383333333333334 0.10250000000000001 0.11
1 0.645 0.9583333333333334 0.11 0.08333333333333334
1 0.75 0.7483333333333334 0.085 0.10333333333333335
1 0.7975 0.6133333333333334 0.065 0.09333333333333334
1 0.5025000000000001 0.23333333333333334 0.05 0.05333333333333334
1 0.225 0.27 0.07 0.07333333333333333
1 0.31125 0.29833333333333334 0.0675 0.05666666666666667
1 0.9225 0.23 0.075 0.08
1 0.7675000000000001 0.275 0.04 0.06333333333333334
1 0.71625 0.25 0.0575 0.06666666666666667
1 0.985 0.315 0.03 0.06333333333333334
1 0.325 0.135 0.055 0.06333333333333334
1 0.6 0.22833333333333336 0.05 0.03666666666666667
1 0.58125 0.19333333333333336 0.0375 0.04
1 0.8325 0.15166666666666667 0.045 0.03666666666666667
1 0.885 0.16333333333333333 0.035 0.03333333333333333
