1 0.28375 0.07500000000000001 0.0575 0.06333333333333334
1 0.2425 0.12000000000000001 0.045 0.05333333333333334
1 0.32125 0.155 0.0575 0.07666666666666667
1 0.48875 0.26 0.0425 0.060000000000000005
1 0.65625 0.07666666666666667 0.0525 0.06666666666666667
1 0.67875 0.165 0.0575 0.07
1 0.47250000000000003 0.385 0.06 0.06333333333333334
1 0.4525 0.44833333333333336 0.045 0.05
1 0.33625 0.5183333333333333 0.0575 0.07
1 0.6012500000000001 0.4783333333333334 0.0575 0.07
1 0.82875 0.5716666666666667 0.0725 0.06333333333333334
1 0.9550000000000001 0.6016666666666667 0.055 0.07
0 0.7475 0.655 0.055 0.05
0 0.73375 0.765 0.0625 0.05
0 0.89 0.77 0.055 0.060000000000000005
1 0.13625 0.2 0.0325 0.04666666666666667
1 0.20125 0.75 0.0425 0.04666666666666667
1 0.30875 0.7166666666666667 0.0275 0.04
1 0.35625 0.7716666666666667 0.0475 0.03666666666666667
1 0.68 0.5333333333333333 0.035 0.04
1 0.6125 0.5516666666666667 0.04 0.030000000000000002
1 0.97 0.8633333333333334 0.04 0.03333333333333333
1 0.9175 0.8333333333333334 0.04 0.04
1 0.77625 0.8116666666666668 0.0525 0.03666666666666667
1 0.66 0.8183333333333334 0.045 0.043333333333333335
1 0.01625 0.19 0.0275 0.05333333333333334
