1 0.45375 0.525 0.0775 0.09000000000000001
1 0.6900000000000001 0.6516666666666667 0.08 0.08333333333333334
1 0.81625 0.5733333333333334 0.0475 0.06666666666666667
1 0.68125 0.42500000000000004 0.0575 0.05666666666666667
1 0.73625 0.38333333333333336 0.0725 0.060000000000000005
1 0.77875 0.4416666666666667 0.0825 0.07
1 0.82625 0.29833333333333334 0.0525 0.05666666666666667
1 0.68625 0.13 0.0425 0.060000000000000005
1 0.96375 0.42000000000000004 0.0575 0.060000000000000005
1 0.98875 0.4766666666666667 0.0225 0.060000000000000005
1 0.65125 0.03833333333333334 0.0475 0.06333333333333334
