1 0.2725 0.505 0.12 0.13
1 0.47875 0.4 0.0525 0.06666666666666667
1 0.5437500000000001 0.22666666666666668 0.0525 0.060000000000000005
1 0.72375 0.155 0.0725 0.07666666666666667
1 0.65375 0.6166666666666667 0.0675 0.07333333333333333
1 0.715 0.5683333333333334 0.06 0.06333333333333334
1 0.80625 0.5933333333333334 0.0625 0.08
1 0.9712500000000001 0.5716666666666667 0.0575 0.07666666666666667
1 0.9862500000000001 0.4783333333333334 0.0275 0.08333333333333334
1 0.82125 0.018333333333333333 0.08750000000000001 0.030000000000000002
1 0.90125 0.6133333333333334 0.0575 0.060000000000000005
