1 0.45625 0.32333333333333336 0.0525 0.060000000000000005
1 0.23625000000000002 0.8166666666666668 0.08750000000000001 0.08666666666666667
1 0.525 0.8816666666666667 0.09 0.09666666666666668
1 0.48375 0.6616666666666667 0.0775 0.07
1 0.54 0.5916666666666667 0.07 0.06333333333333334
1 0.58125 0.6566666666666667 0.0725 0.08
1 0.63375 0.7816666666666667 0.0525 0.07
1 0.61125 0.49000000000000005 0.0525 0.06666666666666667
1 0.74875 0.5866666666666667 0.0575 0.05333333333333334
1 0.7925 0.64 0.065 0.07333333333333333
1 0.885 0.6983333333333334 0.07 0.07666666666666667
1 0.8975 0.455 0.055 0.05666666666666667
1 0.40875 0.23833333333333334 0.0575 0.06333333333333334
