1 0.5625 0.4516666666666667 0.07 0.07666666666666667
1 0.64125 0.7816666666666667 0.10250000000000001 0.08333333333333334
1 0.43875000000000003 0.9083333333333334 0.1475 0.14333333333333334
1 0.78125 0.5733333333333334 0.0475 0.060000000000000005
1 0.8075 0.515 0.065 0.07666666666666667
1 0.805 0.6416666666666667 0.06 0.05666666666666667
1 0.68 0.30333333333333334 0.055 0.05333333333333334
1 0.19125 0.05166666666666667 0.1275 0.09666666666666668
1 0.925 0.3383333333333334 0.065 0.05666666666666667
1 0.86375 0.2316666666666667 0.0525 0.05666666666666667
1 0.67375 0.10500000000000001 0.0475 0.06333333333333334
1 0.79125 0.37833333333333335 0.0575 0.043333333333333335
1 0.61875 0.06666666666666667 0.0425 0.04
1 0.765 0.13166666666666668 0.04 0.043333333333333335
1 0.93 0.23333333333333334 0.04 0.04666666666666667
1 0.9500000000000001 0.14833333333333334 0.035 0.043333333333333335
1 0.71125 0.03166666666666667 0.0475 0.05
