1 0.08875 0.6083333333333334 0.1675 0.15000000000000002
1 0.3575 0.24333333333333335 0.075 0.08666666666666667
1 0.5575 0.13166666666666668 0.08 0.10333333333333335
1 0.61875 0.6116666666666667 0.0775 0.09000000000000001
1 0.67 0.4683333333333334 0.07 0.08333333333333334
1 0.6725 0.5566666666666668 0.07 0.07333333333333333
1 0.77125 0.5616666666666666 0.0775 0.08333333333333334
1 0.95875 0.5116666666666667 0.0825 0.08333333333333334
1 0.965 0.4033333333333334 0.07 0.08666666666666667
1 0.88 0.5666666666666667 0.05 0.05333333333333334
