1 0.68 0.5 0.085 0.09333333333333334
1 0.735 0.35000000000000003 0.065 0.07333333333333333
1 0.89625 0.4716666666666667 0.0575 0.06333333333333334
1 0.8562500000000001 0.5116666666666667 0.0575 0.05666666666666667
1 0.8325 0.6233333333333334 0.07 0.07333333333333333
1 0.8275 0.2566666666666667 0.03 0.05333333333333334
1 0.5075000000000001 0.7466666666666667 0.09 0.08
1 0.94125 0.12833333333333335 0.0325 0.03666666666666667
1 0.9875 0.24500000000000002 0.025 0.05
1 0.91125 0.6616666666666667 0.0525 0.06333333333333334
