1 0.3325 0.6316666666666667 0.08 0.08333333333333334
1 0.5875 0.7300000000000001 0.08 0.08
1 0.70375 0.65 0.0475 0.06666666666666667
1 0.6575 0.515 0.065 0.06333333333333334
1 0.56625 0.515 0.0575 0.05
1 0.6175 0.45833333333333337 0.055 0.06333333333333334
1 0.6950000000000001 0.37000000000000005 0.05 0.060000000000000005
1 0.8300000000000001 0.48000000000000004 0.055 0.060000000000000005
1 0.8675 0.5316666666666667 0.06 0.05666666666666667
1 0.96125 0.5966666666666667 0.0725 0.08
1 0.555 0.20333333333333334 0.05 0.05333333333333334
1 0.9825 0.3616666666666667 0.035 0.05666666666666667
1 0.5175 0.115 0.05 0.05666666666666667
