1 0.49875 0.68 0.0925 0.1
1 0.095 0.9833333333333334 0.115 0.03333333333333333
1 0.86375 0.9666666666666667 0.1075 0.06666666666666667
1 0.98375 0.775 0.0325 0.10333333333333335
1 0.50375 0.21666666666666667 0.0525 0.06666666666666667
1 0.5750000000000001 0.2566666666666667 0.05 0.060000000000000005
1 0.755 0.2 0.065 0.060000000000000005
1 0.5925 0.09333333333333334 0.05 0.05333333333333334
1 0.8675 0.2016666666666667 0.05 0.05
1 0.9812500000000001 0.23833333333333334 0.0375 0.043333333333333335
1 0.835 0.09333333333333334 0.035 0.04666666666666667
1 0.915 0.045000000000000005 0.06 0.05666666666666667
