1 0.4225 0.765 0.09 0.09000000000000001
1 0.29875 0.8600000000000001 0.11750000000000001 0.11333333333333334
1 0.6525 0.30333333333333334 0.05 0.05333333333333334
1 0.83625 0.4116666666666667 0.0525 0.05666666666666667
1 0.80125 0.45833333333333337 0.0575 0.05
1 0.775 0.5633333333333334 0.06 0.07333333333333333
1 0.8562500000000001 0.61 0.0525 0.06666666666666667
1 0.7475 0.195 0.035 0.05
1 0.92625 0.17333333333333334 0.0425 0.04
1 0.78125 0.03166666666666667 0.0475 0.05
1 0.9712500000000001 0.275 0.0575 0.043333333333333335
1 0.8250000000000001 0.5283333333333333 0.045 0.06333333333333334
