1 0.40875 0.35333333333333333 0.0725 0.08
1 0.6275000000000001 0.6083333333333334 0.065 0.08333333333333334
1 0.23 0.9566666666666668 0.13 0.08666666666666667
1 0.7325 0.625 0.07 0.08333333333333334
1 0.68625 0.54 0.0425 0.060000000000000005
1 0.65125 0.46166666666666667 0.0525 0.07
1 0.6825 0.4133333333333334 0.06 0.06666666666666667
1 0.90625 0.4766666666666667 0.0825 0.08666666666666667
1 0.52875 0.20333333333333334 0.0475 0.060000000000000005
1 0.77625 0.23 0.0625 0.05333333333333334
1 0.71625 0.13166666666666668 0.0425 0.05
1 0.65125 0.27666666666666667 0.0475 0.04
1 0.52625 0.028333333333333335 0.0525 0.05
1 0.60875 0.03833333333333334 0.0325 0.03666666666666667
1 0.79 0.055 0.045 0.03666666666666667
1 0.90625 0.17333333333333334 0.0575 0.03333333333333333
1 0.78 0.135 0.035 0.03666666666666667
