1 0.245 0.8533333333333334 0.105 0.1
1 0.4675 0.31333333333333335 0.06 0.06666666666666667
1 0.63375 0.5716666666666667 0.0675 0.08333333333333334
1 0.66625 0.45333333333333337 0.0525 0.06666666666666667
1 0.69625 0.405 0.0525 0.05666666666666667
1 0.89625 0.49333333333333335 0.0675 0.08666666666666667
1 0.58125 0.19166666666666668 0.0425 0.05666666666666667
1 0.755 0.14666666666666667 0.055 0.04666666666666667
1 0.81 0.25333333333333335 0.06 0.04666666666666667
1 0.6875 0.52 0.04 0.060000000000000005
1 0.7275 0.6116666666666667 0.06 0.07666666666666667
1 0.685 0.27666666666666667 0.04 0.04
1 0.59 0.021666666666666667 0.06 0.03666666666666667
1 0.6687500000000001 0.05 0.0375 0.04
1 0.8150000000000001 0.16333333333333333 0.035 0.04666666666666667
1 0.83625 0.08666666666666667 0.0325 0.04666666666666667
1 0.935 0.16833333333333333 0.035 0.030000000000000002
1 0.9237500000000001 0.21333333333333335 0.0425 0.04
1 0.94625 0.12666666666666668 0.0275 0.02666666666666667
