1 0.03625 0.3433333333333334 0.0675 0.16
1 0.27625 0.16666666666666669 0.1125 0.10666666666666667
1 0.31375000000000003 0.030000000000000002 0.1475 0.05333333333333334
1 0.6675 0.26666666666666666 0.145 0.14
1 0.8150000000000001 0.5183333333333333 0.13 0.17
1 0.7575000000000001 0.8566666666666667 0.15 0.18666666666666668
1 0.66 0.4816666666666667 0.06 0.06333333333333334
1 0.7212500000000001 0.52 0.0675 0.08
1 0.9812500000000001 0.5233333333333333 0.0375 0.07333333333333333
1 0.9725 0.7766666666666667 0.055 0.08
