1 0.7125 0.5666666666666667 0.085 0.11333333333333334
1 0.6525 0.6166666666666667 0.055 0.04666666666666667
1 0.4675 0.8433333333333334 0.04 0.05333333333333334
1 0.335 0.8 0.045 0.05333333333333334
1 0.56 0.535 0.03 0.05
1 0.46375 0.42333333333333334 0.0375 0.05333333333333334
1 0.46 0.21500000000000002 0.035 0.05
1 0.33125 0.35333333333333333 0.0475 0.04
0 0.35125 0.15166666666666667 0.0475 0.043333333333333335
1 0.2525 0.4166666666666667 0.04 0.05333333333333334
1 0.195 0.2016666666666667 0.04 0.03666666666666667
1 0.2675 0.5233333333333333 0.045 0.04
1 0.2175 0.3016666666666667 0.04 0.030000000000000002
1 0.23375 0.07500000000000001 0.0325 0.03666666666666667
1 0.21625 0.5533333333333333 0.0325 0.03333333333333333
1 0.10375000000000001 0.23333333333333334 0.0425 0.03333333333333333
1 0.04625 0.2733333333333334 0.0325 0.04
1 0.06 0.43000000000000005 0.035 0.04
1 0.16375 0.55 0.0275 0.03333333333333333
1 0.17250000000000001 0.5866666666666667 0.035 0.04
1 0.23 0.7966666666666667 0.04 0.04666666666666667
1 0.27125 0.8566666666666667 0.0325 0.03333333333333333
1 0.335 0.22333333333333336 0.025 0.04
1 0.4225 0.29000000000000004 0.02 0.02666666666666667
1 0.4 0.27 0.025 0.04
1 0.45125 0.34 0.0275 0.04
1 0.42 0.03333333333333333 0.035 0.04
1 0.49125 0.06166666666666667 0.0375 0.05
1 0.33625 0.08666666666666667 0.0325 0.02666666666666667
1 0.27375 0.115 0.0275 0.043333333333333335
1 0.08750000000000001 0.11833333333333335 0.03 0.030000000000000002
1 0.125 0.6133333333333334 0.03 0.03333333333333333
