1 0.675 0.6016666666666667 0.095 0.13
1 0.96375 0.935 0.0725 0.12333333333333334
1 0.66125 0.43333333333333335 0.0825 0.10666666666666667
1 0.855 0.11 0.115 0.1
1 0.57625 0.505 0.0725 0.07666666666666667
1 0.39125 0.5733333333333334 0.0375 0.060000000000000005
1 0.5575 0.02666666666666667 0.045 0.04666666666666667
1 0.25375000000000003 0.25333333333333335 0.0625 0.08
1 0.17 0.21166666666666667 0.075 0.06333333333333334
1 0.245 0.07166666666666667 0.045 0.05666666666666667
1 0.09 0.1716666666666667 0.06 0.05
1 0.11750000000000001 0.11833333333333335 0.065 0.07
1 0.105 0.25 0.055 0.05333333333333334
1 0.0775 0.30833333333333335 0.035 0.043333333333333335
1 0.13625 0.5133333333333334 0.0275 0.02666666666666667
1 0.25375000000000003 0.62 0.0425 0.04
1 0.28250000000000003 0.52 0.035 0.04666666666666667
1 0.17375000000000002 0.33333333333333337 0.0475 0.04
1 0.02375 0.4716666666666667 0.0275 0.030000000000000002
1 0.09125 0.4466666666666667 0.0375 0.04
1 0.05 0.795 0.05 0.03666666666666667
1 0.08750000000000001 0.9133333333333334 0.05 0.05333333333333334
1 0.1375 0.7150000000000001 0.04 0.043333333333333335
1 0.0225 0.9516666666666668 0.04 0.043333333333333335
1 0.051250000000000004 0.10500000000000001 0.0525 0.05666666666666667
1 0.05 0.02666666666666667 0.06 0.04666666666666667
