1 0.20500000000000002 0.11166666666666668 0.065 0.06333333333333334
1 0.2525 0.05 0.07 0.07333333333333333
1 0.295 0.13 0.075 0.07333333333333333
1 0.46875 0.24333333333333335 0.0525 0.060000000000000005
1 0.4525 0.37333333333333335 0.06 0.07333333333333333
1 0.315 0.515 0.06 0.07666666666666667
1 0.4325 0.445 0.035 0.03666666666666667
1 0.585 0.47000000000000003 0.06 0.060000000000000005
1 0.67375 0.14500000000000002 0.0625 0.07
1 0.64375 0.05 0.0725 0.08666666666666667
1 0.8325 0.5700000000000001 0.07 0.06666666666666667
1 0.9625 0.6083333333333334 0.075 0.08333333333333334
1 0.675 0.535 0.05 0.05666666666666667
0 0.74625 0.655 0.0525 0.05
0 0.9 0.78 0.04 0.04666666666666667
0 0.7312500000000001 0.7783333333333334 0.0475 0.03666666666666667
0 0.34625 0.7833333333333334 0.0475 0.04
1 0.095 0.18166666666666667 0.03 0.030000000000000002
1 0.185 0.76 0.045 0.04
1 0.6625 0.8233333333333334 0.035 0.03333333333333333
1 0.9237500000000001 0.8433333333333334 0.0425 0.03333333333333333
1 0.9812500000000001 0.8733333333333334 0.0375 0.03333333333333333
1 0.7775 0.8216666666666668 0.04 0.030000000000000002
1 0.51625 0.8500000000000001 0.0325 0.03333333333333333
1 0.47500000000000003 0.8583333333333334 0.035 0.030000000000000002
1 0.2775 0.8566666666666667 0.03 0.04
1 0.29375 0.7250000000000001 0.0325 0.03666666666666667
1 0.60375 0.5533333333333333 0.0375 0.03333333333333333
