1 0.15125 0.085 0.0525 0.05666666666666667
1 0.24125 0.12000000000000001 0.0625 0.07333333333333333
1 0.1875 0.03333333333333333 0.08 0.060000000000000005
1 0.44 0.22833333333333336 0.06 0.07
1 0.65 0.12000000000000001 0.06 0.06666666666666667
1 0.615 0.028333333333333335 0.07 0.05
1 0.42625 0.36833333333333335 0.0625 0.07
1 0.28625 0.5216666666666667 0.0625 0.08333333333333334
1 0.5700000000000001 0.4683333333333334 0.06 0.06333333333333334
1 0.8250000000000001 0.5666666666666667 0.07 0.060000000000000005
1 0.96875 0.5983333333333334 0.0625 0.07
1 0.7225 0.7766666666666667 0.05 0.04666666666666667
1 0.7325 0.65 0.05 0.04666666666666667
1 0.40750000000000003 0.4416666666666667 0.05 0.05
1 0.6587500000000001 0.5283333333333333 0.0375 0.043333333333333335
1 0.03125 0.17 0.0375 0.04
1 0.15875 0.7683333333333334 0.0475 0.043333333333333335
1 0.27375 0.7300000000000001 0.0275 0.04
1 0.33375 0.795 0.0425 0.030000000000000002
1 0.32875 0.76 0.0375 0.04
1 0.46125 0.8600000000000001 0.0375 0.03333333333333333
1 0.41000000000000003 0.8116666666666668 0.035 0.03666666666666667
1 0.50625 0.8533333333333334 0.0325 0.04
1 0.65125 0.8300000000000001 0.0375 0.04
1 0.77 0.8233333333333334 0.045 0.04
1 0.90125 0.7883333333333333 0.0525 0.03666666666666667
1 0.9225 0.8433333333333334 0.04 0.02666666666666667
1 0.26 0.8650000000000001 0.035 0.043333333333333335
