0 0.93 0.9683333333333334 0.115 0.06333333333333334
1 0.7887500000000001 0.6083333333333334 0.1475 0.17666666666666667
1 0.515 0.7433333333333334 0.095 0.09333333333333334
1 0.2475 0.63 0.115 0.12666666666666668
1 0.058750000000000004 0.7250000000000001 0.1125 0.15000000000000002
1 0.2475 0.043333333333333335 0.09 0.08
1 0.3625 0.23500000000000001 0.115 0.13
1 0.36375 0.3433333333333334 0.0775 0.08
1 0.4925 0.28 0.13 0.12000000000000001
1 0.56375 0.39666666666666667 0.0975 0.09333333333333334
1 0.59125 0.47500000000000003 0.0925 0.07666666666666667
1 0.64875 0.56 0.10250000000000001 0.14
