1 0.0925 0.9266666666666667 0.16 0.12000000000000001
1 0.655 0.9433333333333334 0.13 0.11333333333333334
1 0.49 0.5183333333333333 0.115 0.12333333333333334
1 0.725 0.6533333333333333 0.11 0.12000000000000001
1 0.21375 0.4116666666666667 0.14250000000000002 0.1366666666666667
1 0.0475 0.5116666666666667 0.09 0.1366666666666667
1 0.76625 0.33666666666666667 0.1675 0.16666666666666669
1 0.975 0.6533333333333333 0.05 0.10666666666666667
1 0.63 0.32333333333333336 0.1 0.12666666666666668
1 0.55625 0.24333333333333335 0.0975 0.1
1 0.515 0.16833333333333333 0.095 0.09666666666666668
1 0.315 0.12000000000000001 0.1 0.08
1 0.28125 0.03833333333333334 0.1225 0.07
1 0.47750000000000004 0.07833333333333334 0.11 0.10333333333333335
0 0.89375 0.7666666666666667 0.1125 0.16
