1 0.0375 0.7383333333333334 0.07 0.10333333333333335
1 0.11 0.6316666666666667 0.12 0.12333333333333334
1 0.21375 0.25 0.1275 0.1
1 0.35125 0.11833333333333335 0.1075 0.09666666666666668
1 0.46 0.195 0.11 0.10333333333333335
1 0.585 0.9766666666666667 0.15 0.04666666666666667
1 0.9237500000000001 0.5933333333333334 0.1525 0.15333333333333335
1 0.97 0.7566666666666667 0.06 0.11333333333333334
1 0.98 0.37833333333333335 0.04 0.09000000000000001
0 0.5375 0.445 0.11 0.19666666666666668
0 0.8825000000000001 0.25333333333333335 0.23500000000000001 0.13333333333333333
