1 0.025 0.46166666666666667 0.045 0.09000000000000001
1 0.03375 0.5416666666666667 0.0625 0.09666666666666668
1 0.09875 0.5983333333333334 0.0925 0.10333333333333335
1 0.18875 0.6533333333333333 0.11750000000000001 0.11333333333333334
1 0.3125 0.6366666666666667 0.115 0.12000000000000001
1 0.06625 0.8600000000000001 0.1275 0.10666666666666667
1 0.37125 0.92 0.1225 0.11333333333333334
1 0.61375 0.8266666666666668 0.0975 0.10666666666666667
1 0.70375 0.6116666666666667 0.0925 0.11666666666666667
1 0.81375 0.5316666666666667 0.0925 0.10333333333333335
1 0.8150000000000001 0.21500000000000002 0.09 0.08333333333333334
1 0.9275 0.25333333333333335 0.07 0.06666666666666667
0 0.58125 0.9466666666666668 0.14250000000000002 0.10666666666666667
1 0.73625 0.023333333333333334 0.0925 0.04
