1 0.1775 0.7483333333333334 0.135 0.11666666666666667
1 0.37875000000000003 0.6883333333333334 0.1075 0.12333333333333334
1 0.6075 0.8166666666666668 0.085 0.09333333333333334
1 0.7825 0.6666666666666667 0.11 0.12666666666666668
1 0.72 0.5716666666666667 0.08 0.09000000000000001
1 0.6900000000000001 0.5016666666666667 0.085 0.09666666666666668
1 0.61125 0.325 0.0675 0.08333333333333334
1 0.67125 0.385 0.0925 0.11
1 0.50625 0.4033333333333334 0.0775 0.07333333333333333
1 0.50625 0.30833333333333335 0.0925 0.10333333333333335
1 0.43 0.09333333333333334 0.08 0.1
