1 0.075 0.5850000000000001 0.145 0.11666666666666667
1 0.3275 0.6566666666666667 0.09 0.08
1 0.20875 0.7116666666666667 0.0925 0.06333333333333334
1 0.61625 0.6616666666666667 0.1225 0.09000000000000001
1 0.525 0.8083333333333333 0.095 0.07666666666666667
1 0.8425 0.6533333333333333 0.095 0.08
1 0.97 0.6983333333333334 0.06 0.09000000000000001
1 0.8075 0.9233333333333333 0.075 0.06666666666666667
1 0.5650000000000001 0.9500000000000001 0.1 0.06666666666666667
0 0.65375 0.060000000000000005 0.0575 0.11333333333333334
1 0.64 0.9533333333333334 0.04 0.04666666666666667
