1 0.32875 0.5950000000000001 0.0575 0.06333333333333334
1 0.39625 0.685 0.0525 0.06333333333333334
1 0.52125 0.54 0.0675 0.08
1 0.64125 0.3433333333333334 0.0725 0.09333333333333334
1 0.76 0.5533333333333333 0.095 0.09333333333333334
1 0.735 0.6233333333333334 0.065 0.060000000000000005
1 0.805 0.6866666666666668 0.075 0.08666666666666667
1 0.9187500000000001 0.7766666666666667 0.08750000000000001 0.08666666666666667
1 0.20375000000000001 0.645 0.0525 0.043333333333333335
1 0.25375000000000003 0.6916666666666668 0.0425 0.05
