1 0.08375 0.29000000000000004 0.10250000000000001 0.060000000000000005
1 0.06375 0.2016666666666667 0.11750000000000001 0.11
1 0.3775 0.09333333333333334 0.11 0.12000000000000001
1 0.7675000000000001 0.21833333333333335 0.14 0.15000000000000002
1 0.71875 0.4366666666666667 0.0725 0.08
1 0.785 0.4816666666666667 0.08 0.07666666666666667
1 0.77625 0.8133333333333334 0.14250000000000002 0.14666666666666667
1 0.7775 0.67 0.17500000000000002 0.14666666666666667
1 0.975 0.5116666666666667 0.05 0.09666666666666668
1 0.98 0.7350000000000001 0.04 0.10333333333333335
