1 0.20375000000000001 0.7616666666666667 0.1225 0.10333333333333335
1 0.4025 0.7000000000000001 0.1 0.10666666666666667
1 0.635 0.8466666666666667 0.08 0.09333333333333334
1 0.80625 0.6883333333333334 0.1125 0.13
1 0.7525000000000001 0.6016666666666667 0.08 0.08333333333333334
1 0.7212500000000001 0.5233333333333333 0.0925 0.09333333333333334
1 0.70875 0.4166666666666667 0.0825 0.09333333333333334
1 0.54125 0.4316666666666667 0.0825 0.08333333333333334
1 0.5425 0.32833333333333337 0.085 0.09666666666666668
1 0.47125 0.115 0.0775 0.09000000000000001
1 0.65125 0.36333333333333334 0.0775 0.1
