1 0.26 0.4716666666666667 0.085 0.07
1 0.41125 0.54 0.0525 0.04666666666666667
1 0.62 0.5650000000000001 0.075 0.07
1 0.79125 0.5766666666666667 0.0725 0.07333333333333333
1 0.89625 0.6266666666666667 0.08750000000000001 0.06666666666666667
1 0.9550000000000001 0.45833333333333337 0.09 0.06333333333333334
1 0.54875 0.68 0.0575 0.04666666666666667
1 0.56 0.8233333333333334 0.06 0.04666666666666667
1 0.74875 0.8 0.0525 0.05333333333333334
1 0.935 0.7616666666666667 0.06 0.043333333333333335
1 0.31875000000000003 0.5800000000000001 0.0575 0.05333333333333334
1 0.255 0.9266666666666667 0.045 0.03333333333333333
1 0.3225 0.9500000000000001 0.04 0.04
1 0.5025000000000001 0.8866666666666667 0.045 0.04
1 0.6275000000000001 0.8583333333333334 0.04 0.03666666666666667
1 0.16625 0.9333333333333333 0.0475 0.03333333333333333
1 0.03125 0.935 0.0575 0.03666666666666667
