0 0.7575000000000001 0.8133333333333334 0.105 0.19333333333333336
1 0.82375 0.6516666666666667 0.0975 0.09666666666666668
1 0.9400000000000001 0.445 0.11 0.11666666666666667
1 0.555 0.4416666666666667 0.1 0.11666666666666667
1 0.34875 0.6216666666666667 0.0825 0.09000000000000001
1 0.5875 0.7116666666666667 0.09 0.10333333333333335
1 0.0675 0.5966666666666667 0.125 0.11333333333333334
1 0.14625 0.28500000000000003 0.0925 0.08333333333333334
1 0.17500000000000002 0.35333333333333333 0.07 0.06666666666666667
1 0.03 0.14833333333333334 0.055 0.07666666666666667
1 0.07875 0.035 0.10250000000000001 0.06333333333333334
1 0.45125 0.465 0.0825 0.10333333333333335
1 0.34 0.35833333333333334 0.065 0.07
