1 0.15625 0.5566666666666668 0.1275 0.1
1 0.2575 0.6783333333333333 0.075 0.06333333333333334
1 0.37 0.6266666666666667 0.07 0.07333333333333333
1 0.55375 0.7883333333333333 0.0775 0.06333333333333334
1 0.64625 0.6333333333333334 0.10250000000000001 0.1
1 0.86875 0.6333333333333334 0.10250000000000001 0.1
1 0.9775 0.6900000000000001 0.045 0.07333333333333333
1 0.82875 0.9066666666666667 0.08750000000000001 0.06666666666666667
1 0.58375 0.9266666666666667 0.0725 0.05333333333333334
1 0.665 0.9366666666666668 0.045 0.04
1 0.9125 0.9316666666666668 0.05 0.03666666666666667
1 0.52625 0.9683333333333334 0.0525 0.043333333333333335
