1 0.76875 0.26833333333333337 0.11750000000000001 0.11
1 0.95125 0.060000000000000005 0.0975 0.11333333333333334
1 0.77375 0.5533333333333333 0.10250000000000001 0.10666666666666667
1 0.7425 0.6866666666666668 0.11 0.10666666666666667
1 0.89 0.62 0.095 0.10666666666666667
1 0.9675 0.7466666666666667 0.065 0.12000000000000001
1 0.9500000000000001 0.8483333333333334 0.1 0.11
1 0.96 0.9450000000000001 0.075 0.11
1 0.50375 0.9466666666666668 0.1475 0.10666666666666667
1 0.70625 0.025 0.11750000000000001 0.043333333333333335
