1 0.16625 0.5066666666666667 0.1225 0.12666666666666668
1 0.44125000000000003 0.7483333333333334 0.0925 0.09666666666666668
1 0.5225 0.6266666666666667 0.085 0.09333333333333334
1 0.585 0.4416666666666667 0.07 0.08333333333333334
1 0.70125 0.28500000000000003 0.0675 0.08333333333333334
1 0.9475 0.5766666666666667 0.105 0.09333333333333334
1 0.9550000000000001 0.2366666666666667 0.09 0.08
1 0.98375 0.3466666666666667 0.0325 0.09333333333333334
1 0.6375000000000001 0.335 0.045 0.07666666666666667
1 0.6575 0.21333333333333335 0.05 0.07333333333333333
