1 0.12 0.7350000000000001 0.145 0.12333333333333334
1 0.31375000000000003 0.6583333333333333 0.11750000000000001 0.11666666666666667
1 0.58375 0.7966666666666667 0.1075 0.12000000000000001
1 0.8675 0.6916666666666668 0.14 0.16333333333333333
1 0.725 0.6266666666666667 0.13 0.12666666666666668
1 0.67 0.535 0.095 0.09000000000000001
1 0.63625 0.4633333333333334 0.1075 0.10666666666666667
1 0.61375 0.35333333333333333 0.10250000000000001 0.11333333333333334
1 0.55375 0.3016666666666667 0.08750000000000001 0.10333333333333335
1 0.4475 0.3766666666666667 0.085 0.06666666666666667
1 0.445 0.28 0.09 0.09333333333333334
1 0.35125 0.07 0.08750000000000001 0.1
