0 0.56375 0.9533333333333334 0.11750000000000001 0.09333333333333334
1 0.37125 0.93 0.1375 0.11333333333333334
1 0.625 0.8366666666666667 0.1 0.12000000000000001
1 0.70625 0.62 0.10250000000000001 0.11333333333333334
1 0.3125 0.6416666666666667 0.125 0.15666666666666668
1 0.06125 0.8733333333333334 0.11750000000000001 0.13333333333333333
1 0.19125 0.67 0.10250000000000001 0.10666666666666667
1 0.09 0.6066666666666667 0.1 0.08
1 0.045 0.55 0.085 0.09333333333333334
1 0.84875 0.2066666666666667 0.0925 0.08
1 0.95625 0.25 0.08750000000000001 0.08
1 0.8075 0.5583333333333333 0.09 0.08333333333333334
