1 0.1925 0.09833333333333334 0.075 0.07666666666666667
1 0.09375 0.06333333333333334 0.0725 0.06666666666666667
1 0.14 0.02 0.075 0.03333333333333333
1 0.4 0.21333333333333335 0.07 0.06666666666666667
1 0.63125 0.09333333333333334 0.0725 0.06666666666666667
1 0.58875 0.016666666666666666 0.0825 0.02666666666666667
1 0.395 0.36500000000000005 0.075 0.09000000000000001
1 0.37375 0.43500000000000005 0.0575 0.07666666666666667
1 0.24375 0.5166666666666667 0.0675 0.07333333333333333
1 0.545 0.4633333333333334 0.065 0.060000000000000005
1 0.64 0.5266666666666667 0.04 0.05333333333333334
1 0.8150000000000001 0.5716666666666667 0.075 0.06333333333333334
1 0.9625 0.6016666666666667 0.07 0.07666666666666667
1 0.7212500000000001 0.6566666666666667 0.0625 0.060000000000000005
1 0.71125 0.785 0.0575 0.05666666666666667
1 0.8925000000000001 0.795 0.055 0.05
1 0.1275 0.7766666666666667 0.045 0.04
1 0.2425 0.7366666666666667 0.035 0.04
1 0.3 0.8 0.045 0.04
1 0.29875 0.7666666666666667 0.0375 0.03333333333333333
1 0.38875 0.8150000000000001 0.0375 0.023333333333333334
1 0.4475 0.8283333333333334 0.04 0.03666666666666667
1 0.44375000000000003 0.8700000000000001 0.0325 0.02666666666666667
1 0.4875 0.8600000000000001 0.025 0.03333333333333333
1 0.64125 0.8366666666666667 0.0325 0.03333333333333333
1 0.23750000000000002 0.8766666666666667 0.035 0.02666666666666667
1 0.75875 0.8266666666666668 0.0425 0.04
1 0.9175 0.8483333333333334 0.04 0.030000000000000002
1 0.96875 0.8816666666666667 0.0475 0.03666666666666667
1 0.5675 0.55 0.045 0.04
