1 0.98 0.09666666666666668 0.04 0.08666666666666667
1 0.8375 0.2016666666666667 0.105 0.11666666666666667
1 0.65125 0.49333333333333335 0.0725 0.1
1 0.56625 0.5733333333333334 0.0725 0.08666666666666667
1 0.67375 0.66 0.10250000000000001 0.12666666666666668
1 0.3825 0.6466666666666667 0.035 0.05333333333333334
1 0.5575 0.10666666666666667 0.03 0.04666666666666667
1 0.17625 0.305 0.0675 0.08333333333333334
1 0.2575 0.3383333333333334 0.055 0.07666666666666667
1 0.08875 0.2016666666666667 0.0475 0.06333333333333334
1 0.14 0.2066666666666667 0.065 0.07333333333333333
1 0.10875 0.26166666666666666 0.0525 0.06333333333333334
1 0.095 0.12833333333333335 0.055 0.05666666666666667
1 0.9725 0.9683333333333334 0.05 0.06333333333333334
1 0.27125 0.17333333333333334 0.0525 0.05333333333333334
1 0.08625000000000001 0.4033333333333334 0.0325 0.04
1 0.02 0.44833333333333336 0.035 0.043333333333333335
1 0.12375 0.08 0.0575 0.04666666666666667
1 0.27625 0.5983333333333334 0.0325 0.05
1 0.17250000000000001 0.52 0.04 0.04666666666666667
1 0.18375 0.41500000000000004 0.0475 0.03666666666666667
1 0.13 0.445 0.045 0.030000000000000002
1 0.11750000000000001 0.8116666666666668 0.045 0.03666666666666667
1 0.11875000000000001 0.6033333333333334 0.0425 0.04666666666666667
1 0.23875000000000002 0.7066666666666667 0.0425 0.04
1 0.01875 0.8966666666666667 0.0325 0.060000000000000005
1 0.0175 0.5716666666666667 0.03 0.043333333333333335
1 0.02 0.08166666666666667 0.035 0.05
1 0.07125000000000001 0.05 0.0525 0.04
1 0.01375 0.2783333333333334 0.0225 0.043333333333333335
