1 0.40875 0.6483333333333334 0.0525 0.06333333333333334
1 0.47000000000000003 0.7383333333333334 0.06 0.07
1 0.5875 0.5983333333333334 0.07 0.08333333333333334
1 0.71875 0.41000000000000003 0.1075 0.10666666666666667
1 0.84 0.6266666666666667 0.1 0.08666666666666667
1 0.81375 0.6916666666666668 0.0725 0.06333333333333334
1 0.88625 0.77 0.0675 0.07333333333333333
1 0.9675 0.8550000000000001 0.065 0.09000000000000001
1 0.28750000000000003 0.6866666666666668 0.04 0.04666666666666667
1 0.3325 0.7300000000000001 0.04 0.04
1 0.46125 0.8500000000000001 0.0275 0.04666666666666667
