1 0.82125 0.53 0.10250000000000001 0.1
1 0.935 0.4716666666666667 0.075 0.08333333333333334
1 0.7275 0.7333333333333334 0.08 0.08
1 0.5025000000000001 0.8083333333333333 0.1 0.09000000000000001
1 0.25 0.7333333333333334 0.105 0.08666666666666667
1 0.4625 0.54 0.085 0.10666666666666667
1 0.36 0.5633333333333334 0.085 0.10666666666666667
1 0.29625 0.5116666666666667 0.0725 0.07666666666666667
1 0.245 0.465 0.08 0.07666666666666667
1 0.20625000000000002 0.3983333333333334 0.0675 0.08333333333333334
1 0.16375 0.3983333333333334 0.0675 0.08333333333333334
1 0.0475 0.4516666666666667 0.09 0.07
1 0.0375 0.3866666666666667 0.07 0.1
0 0.6675 0.8683333333333334 0.1 0.12333333333333334
