1 0.10250000000000001 0.4033333333333334 0.085 0.08
1 0.1675 0.5016666666666667 0.105 0.07666666666666667
1 0.23 0.5633333333333334 0.085 0.07333333333333333
1 0.30125 0.625 0.1125 0.09666666666666668
1 0.4275 0.6316666666666667 0.13 0.13
1 0.82625 0.6366666666666667 0.1225 0.14
1 0.9500000000000001 0.6483333333333334 0.1 0.09666666666666668
1 0.715 0.8483333333333334 0.11 0.11
1 0.4675 0.8916666666666667 0.105 0.09666666666666668
1 0.1875 0.8200000000000001 0.125 0.12666666666666668
0 0.63625 0.935 0.10250000000000001 0.13
