1 0.21625 0.48500000000000004 0.08750000000000001 0.08333333333333334
1 0.29 0.5966666666666667 0.055 0.05333333333333334
1 0.38875 0.5533333333333333 0.0525 0.05333333333333334
1 0.615 0.5750000000000001 0.095 0.07666666666666667
1 0.7937500000000001 0.5766666666666667 0.0825 0.07333333333333333
1 0.92 0.6333333333333334 0.08 0.08
1 0.96375 0.4566666666666667 0.0725 0.060000000000000005
1 0.5325 0.7083333333333334 0.06 0.05
1 0.555 0.8500000000000001 0.05 0.04666666666666667
1 0.625 0.8783333333333334 0.045 0.03666666666666667
1 0.76625 0.8300000000000001 0.0625 0.04666666666666667
1 0.9575 0.78 0.055 0.05333333333333334
1 0.50125 0.9116666666666667 0.0475 0.043333333333333335
1 0.315 0.9733333333333334 0.05 0.04
1 0.23625000000000002 0.9583333333333334 0.0575 0.043333333333333335
1 0.1475 0.9683333333333334 0.055 0.03666666666666667
1 0.855 0.885 0.06 0.030000000000000002
