1 0.0375 0.34 0.07 0.08666666666666667
1 0.02125 0.1366666666666667 0.0375 0.08666666666666667
1 0.03375 0.43000000000000005 0.0625 0.07333333333333333
1 0.29125 0.4466666666666667 0.08750000000000001 0.07333333333333333
1 0.435 0.51 0.045 0.060000000000000005
1 0.62875 0.5433333333333333 0.08750000000000001 0.08
1 0.785 0.5516666666666667 0.075 0.06333333333333334
1 0.88375 0.6050000000000001 0.08750000000000001 0.07
1 0.94375 0.45 0.08750000000000001 0.060000000000000005
1 0.555 0.6433333333333334 0.055 0.05333333333333334
1 0.915 0.7316666666666667 0.055 0.06333333333333334
1 0.74375 0.77 0.0475 0.04666666666666667
1 0.49875 0.8483333333333334 0.0475 0.043333333333333335
1 0.55875 0.79 0.0475 0.04
1 0.34625 0.015000000000000001 0.0825 0.023333333333333334
1 0.34750000000000003 0.545 0.055 0.05
1 0.04625 0.885 0.0675 0.043333333333333335
1 0.18375 0.8866666666666667 0.0525 0.04666666666666667
1 0.26375 0.8833333333333334 0.0475 0.03333333333333333
1 0.27875 0.92 0.0375 0.04
1 0.3275 0.9033333333333334 0.035 0.04
1 0.62375 0.8233333333333334 0.0375 0.03333333333333333
1 0.77375 0.8200000000000001 0.0375 0.03333333333333333
1 0.8300000000000001 0.8400000000000001 0.045 0.04
1 0.97 0.7966666666666667 0.035 0.04
