1 0.045 0.4166666666666667 0.085 0.1
1 0.11125 0.5083333333333334 0.0975 0.09000000000000001
1 0.185 0.5800000000000001 0.085 0.09333333333333334
1 0.26 0.6316666666666667 0.095 0.09666666666666668
1 0.3875 0.6183333333333334 0.125 0.13
1 0.14 0.8300000000000001 0.105 0.1
1 0.42625 0.8933333333333334 0.1125 0.1
1 0.68 0.8200000000000001 0.11 0.11333333333333334
1 0.77 0.615 0.115 0.12333333333333334
1 0.94625 0.19333333333333336 0.1075 0.10666666666666667
1 0.88 0.5950000000000001 0.09 0.09000000000000001
0 0.62125 0.9366666666666668 0.14250000000000002 0.12666666666666668
