1 0.075 0.6483333333333334 0.145 0.13
1 0.36375 0.8666666666666667 0.0925 0.11333333333333334
1 0.47000000000000003 0.7383333333333334 0.1 0.08333333333333334
1 0.515 0.555 0.085 0.07666666666666667
1 0.62125 0.385 0.0725 0.08333333333333334
1 0.8612500000000001 0.33666666666666667 0.0825 0.08
1 0.8625 0.68 0.12 0.10666666666666667
1 0.93125 0.4466666666666667 0.1125 0.10666666666666667
1 0.5650000000000001 0.42833333333333334 0.045 0.06333333333333334
1 0.585 0.31 0.05 0.08
1 0.6275000000000001 0.08 0.045 0.060000000000000005
