1 0.1675 0.525 0.12 0.10333333333333335
1 0.2625 0.6416666666666667 0.065 0.05
1 0.37 0.5966666666666667 0.055 0.06666666666666667
1 0.63375 0.615 0.0925 0.09666666666666668
1 0.84125 0.615 0.08750000000000001 0.07666666666666667
1 0.96375 0.6733333333333333 0.0725 0.08
1 0.53 0.75 0.085 0.06666666666666667
1 0.5650000000000001 0.895 0.06 0.06333333333333334
1 0.8 0.8783333333333334 0.065 0.06333333333333334
0 0.685 0.06166666666666667 0.045 0.11666666666666667
1 0.6425 0.915 0.05 0.043333333333333335
1 0.88375 0.9166666666666667 0.0525 0.04
1 0.505 0.9483333333333334 0.05 0.03666666666666667
