1 0.16625 0.61 0.1075 0.10666666666666667
1 0.4475 0.6833333333333333 0.105 0.11333333333333334
1 0.39875 0.3983333333333334 0.0925 0.09666666666666668
1 0.295 0.44333333333333336 0.085 0.11333333333333334
1 0.2225 0.395 0.08 0.09000000000000001
1 0.155 0.33 0.09 0.08666666666666667
1 0.6775 0.6050000000000001 0.085 0.11
1 0.7775 0.39333333333333337 0.1 0.12000000000000001
1 0.89875 0.33 0.0975 0.11333333333333334
0 0.6325000000000001 0.785 0.105 0.19666666666666668
1 0.0975 0.265 0.08 0.08333333333333334
