1 0.6075 0.45833333333333337 0.1 0.11
1 0.6875 0.11833333333333335 0.1 0.09666666666666668
1 0.36875 0.26666666666666666 0.0775 0.08666666666666667
1 0.2725 0.20833333333333334 0.085 0.09000000000000001
1 0.1875 0.13166666666666668 0.095 0.08333333333333334
1 0.83625 0.5 0.1125 0.10666666666666667
1 0.69375 0.7300000000000001 0.08750000000000001 0.08666666666666667
1 0.75 0.9600000000000001 0.125 0.08
1 0.9475 0.18833333333333335 0.085 0.09666666666666668
1 0.5387500000000001 0.021666666666666667 0.0975 0.03666666666666667
