0 0.71125 0.91 0.11750000000000001 0.18000000000000002
1 0.7987500000000001 0.7833333333333334 0.1075 0.1
1 0.81125 0.6133333333333334 0.10250000000000001 0.14
1 0.6875 0.665 0.125 0.15000000000000002
1 0.54625 0.8116666666666668 0.1275 0.11
1 0.52 0.5433333333333333 0.105 0.12000000000000001
1 0.29 0.7150000000000001 0.09 0.09666666666666668
1 0.41125 0.53 0.0925 0.10666666666666667
1 0.3325 0.4566666666666667 0.095 0.08
1 0.28250000000000003 0.40166666666666667 0.095 0.07666666666666667
1 0.23125 0.32 0.0975 0.08
1 0.0525 0.3666666666666667 0.1 0.08666666666666667
1 0.0375 0.27 0.07 0.10666666666666667
