1 0.215 0.6666666666666667 0.07 0.060000000000000005
1 0.3 0.7383333333333334 0.06 0.06333333333333334
1 0.38625 0.5683333333333334 0.0825 0.08333333333333334
1 0.45875 0.36833333333333335 0.0775 0.09000000000000001
1 0.595 0.545 0.08 0.10333333333333335
1 0.665 0.6683333333333333 0.07 0.08333333333333334
1 0.77625 0.7266666666666667 0.0925 0.1
1 0.96625 0.4133333333333334 0.0675 0.11333333333333334
1 0.5725 0.9 0.065 0.06666666666666667
1 0.515 0.9650000000000001 0.07 0.05
1 0.64 0.9450000000000001 0.035 0.05666666666666667
1 0.10250000000000001 0.7383333333333334 0.055 0.03666666666666667
1 0.17375000000000002 0.7816666666666667 0.0425 0.05
1 0.59375 0.615 0.0625 0.07
