1 0.58875 0.2566666666666667 0.1075 0.11333333333333334
1 0.81625 0.4666666666666667 0.1225 0.12666666666666668
1 0.04875 0.6733333333333333 0.0925 0.10666666666666667
1 0.325 0.655 0.09 0.07
1 0.3675 0.5800000000000001 0.09 0.08666666666666667
1 0.43375 0.5366666666666667 0.0675 0.08666666666666667
1 0.45875 0.6566666666666667 0.0775 0.07333333333333333
1 0.5475 0.6233333333333334 0.105 0.12000000000000001
1 0.6525 0.66 0.08 0.09333333333333334
1 0.55 0.7383333333333334 0.085 0.09000000000000001
1 0.63125 0.7433333333333334 0.0925 0.10666666666666667
1 0.5475 0.8550000000000001 0.085 0.08333333333333334
