1 0.2325 0.12666666666666668 0.11 0.08666666666666667
1 0.37 0.31833333333333336 0.085 0.11
1 0.47875 0.795 0.0675 0.07
1 0.77375 0.7083333333333334 0.0825 0.08333333333333334
1 0.63875 0.405 0.08750000000000001 0.08333333333333334
1 0.8025 0.5850000000000001 0.065 0.09000000000000001
1 0.875 0.6483333333333334 0.08 0.09666666666666668
1 0.715 0.3416666666666667 0.07 0.07
1 0.8875000000000001 0.4866666666666667 0.1 0.08666666666666667
1 0.85375 0.3066666666666667 0.0575 0.07333333333333333
1 0.715 0.5183333333333333 0.1 0.11
