1 0.0425 0.23500000000000001 0.08 0.10333333333333335
1 0.25 0.40166666666666667 0.12 0.12333333333333334
1 0.46 0.8133333333333334 0.075 0.08
1 0.705 0.6766666666666667 0.1 0.09333333333333334
1 0.50875 0.41833333333333333 0.0925 0.08333333333333334
1 0.5700000000000001 0.3616666666666667 0.09 0.09666666666666668
1 0.6425 0.445 0.09 0.09000000000000001
1 0.6475 0.30833333333333335 0.08 0.09000000000000001
1 0.7675000000000001 0.3916666666666667 0.115 0.10333333333333335
1 0.88 0.4666666666666667 0.09 0.09333333333333334
1 0.725 0.5516666666666667 0.09 0.09666666666666668
1 0.8200000000000001 0.5716666666666667 0.1 0.11
2 0.90375 0.5516666666666667 0.0775 0.08333333333333334
1 0.905 0.028333333333333335 0.155 0.05
