1 0.9675 0.41833333333333333 0.065 0.09000000000000001
1 0.7675000000000001 0.6116666666666667 0.095 0.09000000000000001
1 0.9225 0.6616666666666667 0.075 0.09000000000000001
1 0.52375 0.6416666666666667 0.1275 0.10333333333333335
1 0.15375 0.6633333333333333 0.0975 0.08666666666666667
1 0.03375 0.7333333333333334 0.0625 0.07333333333333333
1 0.435 0.8316666666666667 0.085 0.07
1 0.4925 0.9616666666666668 0.07 0.05666666666666667
1 0.75125 0.9166666666666667 0.0725 0.06666666666666667
1 0.965 0.8150000000000001 0.055 0.07666666666666667
1 0.57625 0.9500000000000001 0.0375 0.04
1 0.82125 0.8966666666666667 0.0425 0.04
