1 0.2175 0.19833333333333333 0.105 0.10333333333333335
1 0.02125 0.255 0.0375 0.09000000000000001
1 0.37125 0.39666666666666667 0.0975 0.14
1 0.615 0.6816666666666668 0.105 0.13
1 0.49 0.8533333333333334 0.07 0.08666666666666667
1 0.7725 0.7666666666666667 0.105 0.11333333333333334
1 0.8 0.635 0.085 0.10333333333333335
1 0.8575 0.6883333333333334 0.08 0.11
1 0.87625 0.5483333333333333 0.11750000000000001 0.09666666666666668
1 0.72 0.535 0.065 0.08333333333333334
1 0.62125 0.46 0.0975 0.08666666666666667
1 0.725 0.4033333333333334 0.11 0.1
1 0.8375 0.36000000000000004 0.065 0.1
