1 0.34 0.4666666666666667 0.11 0.11333333333333334
1 0.82125 0.44833333333333336 0.10250000000000001 0.11666666666666667
1 0.59 0.6383333333333334 0.105 0.12333333333333334
1 0.7262500000000001 0.8133333333333334 0.08750000000000001 0.09333333333333334
1 0.86 0.7883333333333333 0.09 0.07666666666666667
1 0.2175 0.7583333333333334 0.095 0.08333333333333334
1 0.1575 0.8166666666666668 0.12 0.08666666666666667
1 0.105 0.8916666666666667 0.09 0.07666666666666667
1 0.27125 0.8733333333333334 0.10250000000000001 0.08
1 0.35875 0.8083333333333333 0.0925 0.09000000000000001
1 0.51 0.8350000000000001 0.075 0.09666666666666668
1 0.38625 0.9383333333333334 0.08750000000000001 0.08333333333333334
1 0.45875 0.8866666666666667 0.08750000000000001 0.12000000000000001
