0 0.3 0.7966666666666667 0.16 0.05333333333333334
1 0.42875 0.505 0.0725 0.08333333333333334
1 0.2 0.07 0.1 0.12000000000000001
1 0.47625 0.08666666666666667 0.08750000000000001 0.07333333333333333
1 0.56 0.035 0.11 0.06333333333333334
1 0.6175 0.085 0.07 0.06333333333333334
1 0.675 0.3383333333333334 0.08 0.07
1 0.7825 0.5783333333333334 0.07 0.09666666666666668
1 0.785 0.5133333333333334 0.075 0.060000000000000005
1 0.72375 0.45 0.0625 0.07333333333333333
1 0.70875 0.22333333333333336 0.0775 0.09333333333333334
1 0.80875 0.2316666666666667 0.0775 0.09000000000000001
1 0.8625 0.1366666666666667 0.085 0.07333333333333333
1 0.7375 0.030000000000000002 0.095 0.05333333333333334
2 0.88125 0.20500000000000002 0.0675 0.07666666666666667
