1 0.07875 0.15166666666666667 0.1225 0.11666666666666667
1 0.28 0.35000000000000003 0.1 0.13333333333333333
1 0.44125000000000003 0.805 0.0825 0.08333333333333334
1 0.5575 0.4033333333333334 0.09 0.07333333333333333
1 0.6325000000000001 0.3383333333333334 0.09 0.11
1 0.75 0.30000000000000004 0.05 0.10666666666666667
1 0.69625 0.43833333333333335 0.0925 0.09666666666666668
1 0.74375 0.5983333333333334 0.1325 0.1366666666666667
1 0.7075 0.6866666666666668 0.09 0.08
1 0.835 0.4133333333333334 0.115 0.10666666666666667
1 0.80125 0.48833333333333334 0.10250000000000001 0.09000000000000001
1 0.95125 0.5066666666666667 0.08750000000000001 0.08
