1 0.11375 0.21666666666666667 0.1075 0.09333333333333334
1 0.29625 0.4083333333333334 0.10250000000000001 0.11666666666666667
1 0.44875 0.8600000000000001 0.0675 0.1
1 0.7312500000000001 0.7566666666666667 0.0975 0.08
1 0.7525000000000001 0.665 0.115 0.14333333333333334
1 0.5725 0.46 0.095 0.09333333333333334
1 0.65 0.41000000000000003 0.105 0.10666666666666667
1 0.715 0.5083333333333334 0.1 0.09666666666666668
1 0.85375 0.4766666666666667 0.11750000000000001 0.10666666666666667
1 0.765 0.36333333333333334 0.055 0.11333333333333334
1 0.93 0.5666666666666667 0.075 0.09333333333333334
