1 0.17625 0.22833333333333336 0.1125 0.11
1 0.33875 0.4133333333333334 0.10250000000000001 0.12666666666666668
1 0.47875 0.8666666666666667 0.0625 0.08666666666666667
1 0.60875 0.4716666666666667 0.0775 0.08333333333333334
1 0.69375 0.4166666666666667 0.10250000000000001 0.10666666666666667
1 0.80625 0.37333333333333335 0.0575 0.1
1 0.74375 0.5116666666666667 0.0725 0.09000000000000001
1 0.86375 0.4816666666666667 0.1225 0.09000000000000001
1 0.7825 0.6566666666666667 0.11 0.12666666666666668
1 0.755 0.7783333333333334 0.095 0.09000000000000001
1 0.96875 0.5866666666666667 0.0625 0.08666666666666667
