0 0.34125 0.8 0.14250000000000002 0.04666666666666667
1 0.30625 0.115 0.0925 0.10333333333333335
1 0.55 0.14833333333333334 0.08 0.07666666666666667
1 0.62625 0.08 0.10250000000000001 0.1
1 0.67625 0.17 0.0825 0.1
1 0.8075 0.11666666666666667 0.115 0.09333333333333334
1 0.7837500000000001 0.20500000000000002 0.10250000000000001 0.07666666666666667
1 0.745 0.2816666666666667 0.095 0.07666666666666667
1 0.89875 0.19666666666666668 0.0925 0.1
1 0.75625 0.49333333333333335 0.0575 0.08666666666666667
1 0.81875 0.5483333333333333 0.0775 0.09000000000000001
1 0.8150000000000001 0.625 0.085 0.08333333333333334
