1 0.058750000000000004 0.07666666666666667 0.1125 0.12666666666666668
1 0.34375 0.05333333333333334 0.10250000000000001 0.1
1 0.46625 0.25833333333333336 0.08750000000000001 0.11666666666666667
1 0.6900000000000001 0.4816666666666667 0.09 0.11
1 0.74125 0.68 0.1075 0.12666666666666668
1 0.82625 0.7000000000000001 0.0725 0.08666666666666667
1 0.835 0.32666666666666666 0.115 0.11333333333333334
1 0.96875 0.28833333333333333 0.0625 0.10333333333333335
1 0.9575 0.505 0.085 0.09000000000000001
1 0.69875 0.9316666666666668 0.0925 0.11
1 0.88875 0.6433333333333334 0.0825 0.09333333333333334
