1 0.21375 0.08666666666666667 0.08750000000000001 0.10666666666666667
1 0.37375 0.2966666666666667 0.0925 0.10666666666666667
1 0.48125 0.7816666666666667 0.0675 0.07666666666666667
1 0.635 0.3716666666666667 0.075 0.07
1 0.7000000000000001 0.515 0.08 0.07
1 0.73625 0.3166666666666667 0.0725 0.08666666666666667
1 0.89125 0.6183333333333334 0.0725 0.09666666666666668
1 0.77125 0.6816666666666668 0.0975 0.08333333333333334
1 0.77 0.5916666666666667 0.095 0.07
1 0.88375 0.4783333333333334 0.0925 0.07666666666666667
1 0.86375 0.27166666666666667 0.0825 0.14333333333333334
