1 0.27625 0.17333333333333334 0.1125 0.10666666666666667
1 0.8075 0.1366666666666667 0.115 0.10666666666666667
1 0.57125 0.34833333333333333 0.1075 0.11
1 0.7025 0.5283333333333333 0.095 0.09000000000000001
1 0.83125 0.5 0.0975 0.060000000000000005
1 0.19375 0.49500000000000005 0.08750000000000001 0.09000000000000001
1 0.1325 0.5583333333333333 0.11 0.07666666666666667
1 0.1 0.6416666666666667 0.105 0.08333333333333334
1 0.25375000000000003 0.615 0.1075 0.09000000000000001
1 0.3425 0.5366666666666667 0.11 0.08
1 0.47250000000000003 0.5650000000000001 0.08 0.08333333333333334
1 0.3875 0.68 0.09 0.08666666666666667
1 0.46875 0.665 0.0775 0.09000000000000001
1 0.3975 0.7966666666666667 0.09 0.08
1 0.21625 0.9833333333333334 0.0825 0.03333333333333333
