2 0.35125 0.165 0.0825 0.08333333333333334
1 0.21375 0.925 0.08750000000000001 0.10333333333333335
1 0.75875 0.545 0.08750000000000001 0.11666666666666667
1 0.8825000000000001 0.4716666666666667 0.105 0.11
1 0.15125 0.37000000000000005 0.11750000000000001 0.09333333333333334
1 0.1075 0.195 0.075 0.11
1 0.17250000000000001 0.22 0.08 0.11333333333333334
1 0.265 0.20500000000000002 0.1 0.1366666666666667
1 0.30875 0.07833333333333334 0.10250000000000001 0.10333333333333335
1 0.62375 0.07500000000000001 0.10250000000000001 0.09666666666666668
1 0.76875 0.07666666666666667 0.10250000000000001 0.08
1 0.15875 0.09166666666666667 0.10250000000000001 0.08333333333333334
1 0.11125 0.021666666666666667 0.14250000000000002 0.03666666666666667
1 0.0325 0.06833333333333334 0.06 0.12333333333333334
1 0.79125 0.39666666666666667 0.0425 0.04666666666666667
