0 0.3275 0.7283333333333334 0.16 0.06333333333333334
1 0.44625000000000004 0.42833333333333334 0.0625 0.07666666666666667
1 0.82375 0.515 0.0825 0.09666666666666668
1 0.81875 0.42833333333333334 0.0775 0.09000000000000001
1 0.74875 0.37000000000000005 0.0525 0.06666666666666667
1 0.6950000000000001 0.26 0.065 0.06666666666666667
1 0.74125 0.13833333333333334 0.0975 0.09000000000000001
1 0.84375 0.13 0.0825 0.08666666666666667
1 0.77375 0.04166666666666667 0.11750000000000001 0.07666666666666667
2 0.935 0.1 0.075 0.07333333333333333
1 0.9137500000000001 0.045000000000000005 0.14250000000000002 0.08333333333333334
1 0.22125 0.015000000000000001 0.08750000000000001 0.023333333333333334
