1 0.23500000000000001 0.35500000000000004 0.09 0.09666666666666668
1 0.0575 0.06833333333333334 0.11 0.12333333333333334
1 0.22375 0.20333333333333334 0.1275 0.12666666666666668
1 0.33375 0.17833333333333334 0.10250000000000001 0.09666666666666668
1 0.36 0.06666666666666667 0.11 0.10666666666666667
1 0.22125 0.07833333333333334 0.1125 0.10333333333333335
1 0.67 0.06333333333333334 0.1 0.08666666666666667
1 0.8250000000000001 0.058333333333333334 0.13 0.08333333333333334
2 0.41250000000000003 0.14833333333333334 0.09 0.08333333333333334
1 0.77375 0.5366666666666667 0.0525 0.06666666666666667
1 0.8475 0.385 0.05 0.05666666666666667
