1 0.48 0.6000000000000001 0.08 0.1
1 0.5975 0.6383333333333334 0.085 0.08333333333333334
1 0.8325 0.675 0.095 0.09666666666666668
1 0.4975 0.4633333333333334 0.06 0.07333333333333333
1 0.61 0.43833333333333335 0.08 0.07666666666666667
1 0.64375 0.37333333333333335 0.0675 0.07333333333333333
1 0.62875 0.31 0.0625 0.06666666666666667
1 0.6625 0.135 0.06 0.06333333333333334
1 0.9475 0.04833333333333334 0.09 0.06333333333333334
1 0.885 0.02666666666666667 0.075 0.04666666666666667
1 0.7375 0.1 0.08 0.060000000000000005
