1 0.07125000000000001 0.17333333333333334 0.0925 0.12666666666666668
1 0.26375 0.35833333333333334 0.1075 0.12333333333333334
1 0.4525 0.8 0.07 0.08
1 0.5425 0.4116666666666667 0.075 0.09000000000000001
1 0.61375 0.34 0.10250000000000001 0.11333333333333334
1 0.685 0.4366666666666667 0.095 0.1
1 0.71 0.685 0.1 0.09000000000000001
1 0.73 0.5700000000000001 0.075 0.09333333333333334
1 0.80875 0.615 0.0725 0.09666666666666668
1 0.91625 0.5 0.0925 0.1
1 0.8325 0.405 0.105 0.11
1 0.72875 0.2916666666666667 0.0625 0.09666666666666668
