1 0.17500000000000002 0.335 0.115 0.11666666666666667
1 0.1675 0.16666666666666669 0.13 0.11333333333333334
1 0.28375 0.14833333333333334 0.1075 0.11
1 0.3225 0.04666666666666667 0.135 0.08666666666666667
1 0.17 0.04666666666666667 0.135 0.08666666666666667
1 0.64625 0.05 0.1125 0.08
1 0.84375 0.07833333333333334 0.0825 0.06333333333333334
1 0.89375 0.465 0.1125 0.11
1 0.76375 0.5216666666666667 0.08750000000000001 0.11
1 0.1925 0.8700000000000001 0.095 0.08666666666666667
2 0.3775 0.13 0.08 0.08666666666666667
1 0.805 0.38333333333333336 0.04 0.04666666666666667
