1 0.06125 0.18166666666666667 0.11750000000000001 0.12333333333333334
1 0.2725 0.36333333333333334 0.1 0.12000000000000001
1 0.45875 0.7883333333333333 0.0625 0.07666666666666667
1 0.7175 0.6716666666666667 0.095 0.10333333333333335
1 0.53625 0.40166666666666667 0.0975 0.09000000000000001
1 0.61375 0.33333333333333337 0.0975 0.10666666666666667
1 0.6875 0.4316666666666667 0.09 0.11
1 0.81 0.3816666666666667 0.13 0.09666666666666668
1 0.7575000000000001 0.5433333333333333 0.1 0.11333333333333334
1 0.85875 0.5783333333333334 0.0925 0.10333333333333335
1 0.9237500000000001 0.4733333333333334 0.1075 0.10666666666666667
1 0.705 0.28500000000000003 0.08 0.09000000000000001
