1 0.9762500000000001 0.9533333333333334 0.0475 0.08
1 0.83375 0.5666666666666667 0.0925 0.08
1 0.78625 0.5066666666666667 0.0725 0.08666666666666667
1 0.20125 0.35500000000000004 0.1125 0.11
1 0.1775 0.17833333333333334 0.08 0.10333333333333335
1 0.3125 0.16666666666666669 0.085 0.12000000000000001
1 0.34875 0.065 0.10250000000000001 0.12333333333333334
1 0.65375 0.04833333333333334 0.1125 0.09000000000000001
1 0.8150000000000001 0.055 0.125 0.10333333333333335
1 0.04 0.060000000000000005 0.075 0.11333333333333334
1 0.19625 0.05 0.1225 0.09333333333333334
2 0.38875 0.15166666666666667 0.08750000000000001 0.09000000000000001
1 0.82875 0.38 0.0475 0.04666666666666667
