1 0.48 0.9 0.095 0.12000000000000001
1 0.32 0.8750000000000001 0.09 0.11
1 0.20500000000000002 0.34500000000000003 0.1 0.11666666666666667
1 0.043750000000000004 0.060000000000000005 0.0825 0.11333333333333334
1 0.18875 0.17333333333333334 0.10250000000000001 0.11333333333333334
1 0.3175 0.16833333333333333 0.095 0.12333333333333334
1 0.34750000000000003 0.055 0.105 0.09666666666666668
1 0.2025 0.05666666666666667 0.11 0.10666666666666667
1 0.6775 0.058333333333333334 0.095 0.09000000000000001
1 0.83125 0.06166666666666667 0.1325 0.10333333333333335
1 0.77125 0.5333333333333333 0.0625 0.09333333333333334
2 0.4 0.13833333333333334 0.08 0.09000000000000001
1 0.8375 0.38833333333333336 0.05 0.043333333333333335
