2 0.6625 0.545 0.065 0.07
1 0.275 0.895 0.08 0.09000000000000001
1 0.51125 0.7033333333333334 0.0825 0.08666666666666667
1 0.2725 0.4716666666666667 0.09 0.08333333333333334
1 0.4225 0.47500000000000003 0.08 0.09000000000000001
1 0.33125 0.39666666666666667 0.0975 0.09333333333333334
1 0.5225 0.4166666666666667 0.105 0.08
1 0.52875 0.5683333333333334 0.0975 0.09000000000000001
1 0.63125 0.47000000000000003 0.0675 0.08666666666666667
1 0.6012500000000001 0.5666666666666667 0.0775 0.10666666666666667
1 0.55875 0.04666666666666667 0.1225 0.08666666666666667
1 0.7975 0.25 0.12 0.12666666666666668
1 0.89625 0.47000000000000003 0.1075 0.08666666666666667
1 0.39 0.32833333333333337 0.08 0.08333333333333334
