1 0.39375 0.19833333333333333 0.0975 0.10333333333333335
1 0.89125 0.18166666666666667 0.1275 0.11
1 0.64375 0.37833333333333335 0.0975 0.11
1 0.77 0.5566666666666668 0.1 0.08
1 0.89625 0.5466666666666667 0.10250000000000001 0.09333333333333334
1 0.4475 0.8183333333333334 0.075 0.09000000000000001
1 0.17500000000000002 0.64 0.085 0.06666666666666667
1 0.21625 0.5533333333333333 0.1125 0.10666666666666667
1 0.28125 0.4916666666666667 0.0825 0.07666666666666667
1 0.32125 0.6216666666666667 0.08750000000000001 0.07666666666666667
1 0.41875 0.555 0.1075 0.09666666666666668
1 0.43375 0.7000000000000001 0.0825 0.08
1 0.51625 0.6900000000000001 0.0775 0.08666666666666667
1 0.53 0.5950000000000001 0.065 0.09000000000000001
