1 0.2675 0.6183333333333334 0.08 0.09666666666666668
1 0.52625 0.4316666666666667 0.0925 0.09666666666666668
1 0.2625 0.15666666666666668 0.1 0.1
1 0.335 0.07 0.125 0.10666666666666667
1 0.43375 0.16166666666666668 0.11750000000000001 0.11666666666666667
1 0.5475 0.07333333333333333 0.12 0.11333333333333334
1 0.5325 0.28833333333333333 0.09 0.11666666666666667
1 0.56 0.18000000000000002 0.09 0.1
1 0.62375 0.26833333333333337 0.0925 0.11
1 0.66125 0.17 0.0775 0.08
1 0.96375 0.18000000000000002 0.0725 0.09333333333333334
2 0.69875 0.25 0.0675 0.09333333333333334
