1 0.43125 0.10333333333333335 0.10250000000000001 0.10666666666666667
1 0.67 0.30333333333333334 0.1 0.12000000000000001
1 0.94875 0.11166666666666668 0.0825 0.11666666666666667
1 0.7975 0.4966666666666667 0.09 0.08
1 0.9237500000000001 0.48333333333333334 0.1075 0.09333333333333334
1 0.23125 0.4733333333333334 0.1125 0.09333333333333334
1 0.18125 0.5583333333333333 0.10250000000000001 0.07666666666666667
1 0.29625 0.405 0.0825 0.07666666666666667
1 0.34500000000000003 0.5416666666666667 0.09 0.08333333333333334
1 0.4275 0.4766666666666667 0.11 0.09333333333333334
1 0.45125 0.7516666666666667 0.0775 0.07666666666666667
1 0.23875000000000002 0.9566666666666668 0.0975 0.08666666666666667
1 0.455 0.6216666666666667 0.09 0.10333333333333335
1 0.52625 0.6233333333333334 0.0775 0.09333333333333334
1 0.54875 0.5216666666666667 0.0775 0.09000000000000001
