1 0.26875 0.10666666666666667 0.0975 0.10666666666666667
1 0.5325 0.14 0.075 0.08666666666666667
1 0.6025 0.06833333333333334 0.1 0.10333333333333335
1 0.6625 0.16333333333333333 0.095 0.09333333333333334
1 0.7925 0.10333333333333335 0.105 0.1
1 0.7625000000000001 0.19333333333333336 0.1 0.08666666666666667
1 0.71 0.4033333333333334 0.075 0.08
1 0.7925 0.6133333333333334 0.07 0.08666666666666667
0 0.3125 0.8133333333333334 0.155 0.05333333333333334
1 0.81375 0.5650000000000001 0.0675 0.08333333333333334
1 0.75375 0.48833333333333334 0.0675 0.07666666666666667
