2 0.9075 0.085 0.07 0.07666666666666667
1 0.41875 0.4166666666666667 0.0675 0.08666666666666667
1 0.6775 0.26666666666666666 0.085 0.08666666666666667
1 0.74125 0.375 0.0475 0.07666666666666667
1 0.8075 0.43000000000000005 0.08 0.06666666666666667
1 0.7987500000000001 0.5016666666666667 0.08750000000000001 0.07666666666666667
1 0.715 0.12333333333333334 0.095 0.08
1 0.8150000000000001 0.10833333333333334 0.08 0.07666666666666667
0 0.29 0.7350000000000001 0.17 0.05666666666666667
1 0.89375 0.030000000000000002 0.10250000000000001 0.05333333333333334
1 0.77875 0.030000000000000002 0.0825 0.05333333333333334
