1 0.0325 0.10333333333333335 0.06 0.12666666666666668
1 0.28250000000000003 0.055 0.11 0.10333333333333335
1 0.42875 0.2733333333333334 0.0975 0.12000000000000001
1 0.69375 0.4916666666666667 0.1075 0.13
1 0.76875 0.6283333333333334 0.0825 0.09000000000000001
1 0.90125 0.6466666666666667 0.0975 0.10666666666666667
1 0.81125 0.6983333333333334 0.0725 0.07666666666666667
1 0.93625 0.4866666666666667 0.10250000000000001 0.09333333333333334
1 0.8 0.3166666666666667 0.11 0.12000000000000001
1 0.94125 0.28500000000000003 0.0625 0.10333333333333335
1 0.505 0.7583333333333334 0.06 0.05666666666666667
