2 0.52 0.13166666666666668 0.075 0.08333333333333334
1 0.7675000000000001 0.6183333333333334 0.08 0.11
1 0.35000000000000003 0.32833333333333337 0.095 0.11
1 0.075 0.5516666666666667 0.1 0.09666666666666668
1 0.17375000000000002 0.05666666666666667 0.1525 0.10666666666666667
1 0.34625 0.17666666666666667 0.1225 0.10666666666666667
1 0.34750000000000003 0.05666666666666667 0.115 0.10666666666666667
1 0.47750000000000004 0.05333333333333334 0.115 0.1
1 0.7825 0.045000000000000005 0.11 0.08333333333333334
1 0.96125 0.36333333333333334 0.0425 0.05333333333333334
1 0.9325 0.043333333333333335 0.135 0.06666666666666667
1 0.01875 0.045000000000000005 0.0325 0.08333333333333334
