0 0.10375000000000001 0.5233333333333333 0.0925 0.060000000000000005
1 0.135 0.9716666666666667 0.11 0.05666666666666667
1 0.375 0.7266666666666667 0.055 0.06666666666666667
1 0.17375000000000002 0.5366666666666667 0.0525 0.05333333333333334
1 0.13125 0.43000000000000005 0.0475 0.04
1 0.34625 0.4566666666666667 0.0375 0.05333333333333334
1 0.26875 0.37333333333333335 0.0425 0.04666666666666667
1 0.6225 0.535 0.05 0.05666666666666667
1 0.6637500000000001 0.5916666666666667 0.0475 0.06333333333333334
1 0.67125 0.48000000000000004 0.0425 0.05333333333333334
1 0.89375 0.5416666666666667 0.0725 0.07666666666666667
1 0.9400000000000001 0.9366666666666668 0.1 0.10666666666666667
1 0.35625 0.325 0.0325 0.030000000000000002
1 0.45 0.32333333333333336 0.025 0.03333333333333333
1 0.685 0.27666666666666667 0.035 0.03333333333333333
1 0.62 0.26833333333333337 0.035 0.030000000000000002
