0 0.835 0.8816666666666667 0.215 0.07666666666666667
1 0.52625 0.89 0.0725 0.08666666666666667
1 0.5175 0.7783333333333334 0.065 0.08333333333333334
1 0.54875 0.665 0.0625 0.07
1 0.38125000000000003 0.49000000000000005 0.0625 0.060000000000000005
1 0.2725 0.34833333333333333 0.065 0.07
1 0.45375 0.30000000000000004 0.0625 0.060000000000000005
1 0.505 0.38333333333333336 0.055 0.07333333333333333
1 0.6125 0.32333333333333336 0.055 0.07333333333333333
1 0.66625 0.3166666666666667 0.0475 0.06666666666666667
1 0.7000000000000001 0.375 0.075 0.07
1 0.95125 0.37333333333333335 0.0625 0.07333333333333333
1 0.645 0.2 0.055 0.060000000000000005
1 0.705 0.17 0.045 0.060000000000000005
1 0.9137500000000001 0.08833333333333333 0.0675 0.05
1 0.585 0.02666666666666667 0.085 0.04666666666666667
