1 0.07125000000000001 0.6716666666666667 0.1375 0.10333333333333335
1 0.135 0.3116666666666667 0.085 0.09666666666666668
1 0.24 0.4733333333333334 0.095 0.11333333333333334
1 0.4325 0.37333333333333335 0.075 0.08666666666666667
1 0.50625 0.38833333333333336 0.0675 0.08333333333333334
1 0.43 0.13333333333333333 0.06 0.07333333333333333
1 0.545 0.13166666666666668 0.055 0.07666666666666667
1 0.7825 0.3816666666666667 0.065 0.07
1 0.91 0.46166666666666667 0.085 0.08333333333333334
1 0.92 0.058333333333333334 0.13 0.09666666666666668
1 0.57875 0.45333333333333337 0.0675 0.04666666666666667
