1 0.14375000000000002 0.47500000000000003 0.0525 0.05666666666666667
1 0.18625 0.5950000000000001 0.0625 0.03666666666666667
1 0.3725 0.7816666666666667 0.055 0.06333333333333334
1 0.34875 0.5066666666666667 0.0325 0.05333333333333334
1 0.28 0.4216666666666667 0.035 0.03666666666666667
1 0.62625 0.5866666666666667 0.0525 0.060000000000000005
1 0.6775 0.525 0.05 0.06333333333333334
1 0.66 0.64 0.055 0.06666666666666667
1 0.89375 0.6050000000000001 0.0525 0.07
1 0.92125 0.9750000000000001 0.0725 0.05
0 0.10375000000000001 0.5700000000000001 0.1125 0.07333333333333333
1 0.3625 0.3616666666666667 0.03 0.030000000000000002
1 0.68875 0.32333333333333336 0.0425 0.04
1 0.62625 0.31 0.0375 0.03333333333333333
