0 0.915 0.6733333333333333 0.17 0.11333333333333334
1 0.45 0.19 0.075 0.08666666666666667
1 0.595 0.06166666666666667 0.065 0.08333333333333334
1 0.3075 0.02666666666666667 0.1 0.04666666666666667
1 0.02625 0.155 0.0475 0.08333333333333334
1 0.86625 0.065 0.08750000000000001 0.07
1 0.64875 0.41000000000000003 0.0825 0.08666666666666667
1 0.60375 0.5316666666666667 0.0775 0.09666666666666668
1 0.6075 0.65 0.08 0.09333333333333334
1 0.5725 0.7866666666666667 0.065 0.09333333333333334
1 0.5725 0.8916666666666667 0.065 0.08333333333333334
