1 0.051250000000000004 0.35333333333333333 0.0725 0.07333333333333333
1 0.17125 0.35000000000000003 0.0775 0.09333333333333334
1 0.49625 0.25333333333333335 0.0675 0.09333333333333334
1 0.67125 0.30833333333333335 0.0825 0.11666666666666667
1 0.49 0.5516666666666667 0.055 0.07
1 0.61 0.6166666666666667 0.07 0.08
1 0.98375 0.5283333333333333 0.0325 0.08333333333333334
1 0.09375 0.6033333333333334 0.0775 0.07333333333333333
1 0.18875 0.6116666666666667 0.0775 0.06333333333333334
1 0.29375 0.6616666666666667 0.0825 0.07666666666666667
