1 0.17500000000000002 0.5616666666666666 0.085 0.09000000000000001
1 0.31875000000000003 0.43833333333333335 0.0625 0.08333333333333334
1 0.25875 0.32666666666666666 0.0575 0.07333333333333333
1 0.035 0.39 0.065 0.07333333333333333
1 0.40125 0.7466666666666667 0.0775 0.08
1 0.36875 0.8766666666666667 0.08750000000000001 0.09333333333333334
1 0.37875000000000003 0.9750000000000001 0.0825 0.05
1 0.4475 0.3566666666666667 0.05 0.06666666666666667
1 0.4975 0.35500000000000004 0.05 0.06333333333333334
1 0.5475 0.4133333333333334 0.055 0.060000000000000005
1 0.77625 0.4066666666666667 0.0575 0.06666666666666667
1 0.81625 0.15166666666666667 0.0725 0.08333333333333334
1 0.7075 0.125 0.055 0.06333333333333334
0 0.69625 0.9366666666666668 0.2325 0.12666666666666668
1 0.45875 0.22 0.0475 0.05333333333333334
1 0.52375 0.2016666666666667 0.0525 0.043333333333333335
1 0.68875 0.35833333333333334 0.0425 0.05666666666666667
1 0.355 0.025 0.05 0.043333333333333335
1 0.06625 0.07666666666666667 0.0475 0.04666666666666667
