1 0.0425 0.8716666666666667 0.08 0.09666666666666668
1 0.4325 0.8733333333333334 0.075 0.09333333333333334
1 0.8775000000000001 0.9466666666666668 0.075 0.08
1 0.3275 0.5900000000000001 0.06 0.07333333333333333
1 0.4025 0.7633333333333334 0.055 0.06666666666666667
1 0.36625 0.5283333333333333 0.0525 0.05666666666666667
1 0.41875 0.4816666666666667 0.0625 0.06333333333333334
1 0.79125 0.5 0.0625 0.07333333333333333
1 0.465 0.395 0.045 0.05666666666666667
1 0.73 0.275 0.065 0.07666666666666667
1 0.51875 0.33166666666666667 0.0475 0.07
1 0.5700000000000001 0.3166666666666667 0.05 0.04
1 0.5775 0.275 0.045 0.03666666666666667
1 0.74 0.13833333333333334 0.035 0.05666666666666667
