1 0.72875 0.20833333333333334 0.0525 0.05666666666666667
1 0.96 0.54 0.075 0.07333333333333333
1 0.6225 0.48000000000000004 0.06 0.05333333333333334
1 0.5175 0.535 0.06 0.06333333333333334
1 0.18 0.7266666666666667 0.06 0.060000000000000005
1 0.24 0.8466666666666667 0.04 0.07333333333333333
1 0.22625 0.5683333333333334 0.0475 0.05666666666666667
1 0.20625000000000002 0.49833333333333335 0.0325 0.043333333333333335
1 0.15 0.42000000000000004 0.055 0.04666666666666667
1 0.4475 0.17833333333333334 0.05 0.05666666666666667
1 0.4825 0.29833333333333334 0.045 0.05
1 0.2225 0.335 0.045 0.05
1 0.35625 0.22166666666666668 0.0475 0.043333333333333335
1 0.31625000000000003 0.24833333333333335 0.0475 0.03666666666666667
1 0.265 0.2916666666666667 0.035 0.043333333333333335
