1 0.27125 0.7666666666666667 0.0725 0.06666666666666667
1 0.5875 0.8150000000000001 0.055 0.09000000000000001
1 0.57875 0.6983333333333334 0.0425 0.06333333333333334
1 0.52125 0.5333333333333333 0.0525 0.060000000000000005
1 0.56 0.48500000000000004 0.045 0.05666666666666667
1 0.61 0.445 0.06 0.06333333333333334
1 0.6587500000000001 0.36500000000000005 0.0375 0.05
1 0.7125 0.315 0.05 0.06333333333333334
1 0.95375 0.24833333333333335 0.0825 0.07666666666666667
1 0.77 0.29333333333333333 0.04 0.04
1 0.78625 0.25333333333333335 0.0475 0.04666666666666667
1 0.9775 0.48000000000000004 0.045 0.09333333333333334
1 0.97875 0.12666666666666668 0.0425 0.060000000000000005
