1 0.1675 0.7100000000000001 0.065 0.05333333333333334
1 0.36125 0.8216666666666668 0.0575 0.05666666666666667
1 0.39125 0.9516666666666668 0.0375 0.07
1 0.6687500000000001 0.6816666666666668 0.0475 0.05
1 0.775 0.6483333333333334 0.055 0.06333333333333334
1 0.41875 0.6933333333333334 0.0375 0.04666666666666667
1 0.41000000000000003 0.6283333333333334 0.03 0.043333333333333335
1 0.37125 0.5566666666666668 0.0325 0.04
1 0.90375 0.39333333333333337 0.0475 0.060000000000000005
1 0.635 0.3566666666666667 0.04 0.060000000000000005
1 0.4 0.5283333333333333 0.03 0.03666666666666667
1 0.435 0.49000000000000005 0.035 0.03333333333333333
1 0.47375 0.4516666666666667 0.0325 0.043333333333333335
1 0.5225 0.4083333333333334 0.045 0.030000000000000002
1 0.5575 0.39 0.03 0.05333333333333334
1 0.655 0.4716666666666667 0.03 0.05666666666666667
