1 0.9125 0.4466666666666667 0.1 0.08666666666666667
1 0.72375 0.8316666666666667 0.0675 0.07
1 0.6025 0.9466666666666668 0.06 0.06666666666666667
1 0.125 0.9616666666666668 0.085 0.07666666666666667
1 0.5 0.5183333333333333 0.075 0.08333333333333334
1 0.4275 0.2816666666666667 0.08 0.07666666666666667
1 0.19125 0.3383333333333334 0.0575 0.05666666666666667
1 0.24875 0.3166666666666667 0.0625 0.060000000000000005
1 0.2675 0.27 0.055 0.060000000000000005
1 0.12375 0.3983333333333334 0.0425 0.05666666666666667
1 0.06625 0.52 0.0725 0.06666666666666667
1 0.02125 0.5716666666666667 0.0375 0.07666666666666667
1 0.07625 0.8383333333333334 0.0625 0.07666666666666667
