1 0.051250000000000004 0.755 0.0975 0.16333333333333333
1 0.21 0.8200000000000001 0.135 0.15333333333333335
1 0.37 0.8616666666666667 0.15 0.15000000000000002
1 0.55625 0.8983333333333334 0.1325 0.17
1 0.42 0.9633333333333334 0.165 0.07333333333333333
1 0.6012500000000001 0.7033333333333334 0.1125 0.11333333333333334
1 0.73 0.645 0.1 0.13
1 0.5975 0.5216666666666667 0.105 0.11
1 0.9712500000000001 0.78 0.0575 0.14
1 0.335 0.32833333333333337 0.1 0.09000000000000001
0 0.55375 0.3066666666666667 0.11750000000000001 0.1
