1 0.54625 0.24833333333333335 0.0675 0.07
1 0.6025 0.48000000000000004 0.06 0.08
1 0.68375 0.9216666666666667 0.0675 0.07
1 0.09375 0.5850000000000001 0.0825 0.07666666666666667
1 0.14875 0.52 0.0625 0.060000000000000005
1 0.20375000000000001 0.4683333333333334 0.0675 0.06333333333333334
1 0.26375 0.3716666666666667 0.0425 0.06333333333333334
1 0.3275 0.3066666666666667 0.05 0.060000000000000005
1 0.37625000000000003 0.2816666666666667 0.0575 0.06333333333333334
1 0.1975 0.7733333333333334 0.05 0.08
1 0.23625000000000002 0.895 0.0675 0.08333333333333334
1 0.8325 0.8183333333333334 0.06 0.06333333333333334
1 0.56125 0.10333333333333335 0.0275 0.060000000000000005
1 0.39875 0.24500000000000002 0.0525 0.05
