1 0.12125 0.9 0.0775 0.07333333333333333
1 0.13625 0.8133333333333334 0.0675 0.05333333333333334
1 0.31125 0.765 0.08750000000000001 0.08333333333333334
1 0.3075 0.6966666666666667 0.06 0.05333333333333334
1 0.64 0.7866666666666667 0.05 0.06666666666666667
1 0.62875 0.5983333333333334 0.0675 0.07666666666666667
1 0.74 0.3983333333333334 0.07 0.10333333333333335
1 0.74125 0.28500000000000003 0.0525 0.07666666666666667
1 0.4425 0.32666666666666666 0.06 0.07333333333333333
1 0.70125 0.135 0.0575 0.07
1 0.755 0.09000000000000001 0.065 0.060000000000000005
1 0.8275 0.04666666666666667 0.075 0.06666666666666667
