1 0.18625 0.8466666666666667 0.0725 0.08
1 0.5387500000000001 0.8816666666666667 0.0575 0.08333333333333334
1 0.525 0.7616666666666667 0.055 0.08333333333333334
1 0.4525 0.5950000000000001 0.06 0.07
1 0.4925 0.55 0.05 0.060000000000000005
1 0.5375 0.5033333333333334 0.05 0.05333333333333334
1 0.58375 0.42833333333333334 0.0575 0.07666666666666667
1 0.645 0.36333333333333334 0.05 0.05333333333333334
1 0.92625 0.5333333333333333 0.08750000000000001 0.08666666666666667
1 0.86375 0.30333333333333334 0.0725 0.08666666666666667
1 0.8675 0.16833333333333333 0.05 0.05666666666666667
1 0.6950000000000001 0.32333333333333336 0.05 0.06666666666666667
