1 0.78125 0.8300000000000001 0.0525 0.060000000000000005
1 0.90125 0.805 0.0625 0.07
1 0.4675 0.9550000000000001 0.055 0.05
1 0.29625 0.8300000000000001 0.0525 0.060000000000000005
1 0.53 0.8283333333333334 0.045 0.07
1 0.76375 0.6083333333333334 0.0375 0.05666666666666667
1 0.74125 0.5016666666666667 0.0425 0.05
1 0.48375 0.6883333333333334 0.0425 0.043333333333333335
1 0.5475 0.6283333333333334 0.04 0.043333333333333335
1 0.58125 0.5866666666666667 0.0275 0.04
1 0.61875 0.55 0.0275 0.03333333333333333
1 0.65375 0.5333333333333333 0.0325 0.04
