0 0.10375000000000001 0.8833333333333334 0.1975 0.23333333333333334
0 0.44625000000000004 0.8983333333333334 0.2475 0.19666666666666668
0 0.7312500000000001 0.93 0.1875 0.14
1 0.33125 0.5266666666666667 0.1525 0.2
1 0.70875 0.47000000000000003 0.1125 0.12000000000000001
1 0.315 0.13833333333333334 0.115 0.11
1 0.4175 0.04666666666666667 0.085 0.08666666666666667
1 0.65 0.26 0.095 0.10666666666666667
1 0.68875 0.21833333333333335 0.0675 0.09000000000000001
1 0.76875 0.24000000000000002 0.0675 0.07333333333333333
