1 0.13625 0.47500000000000003 0.0825 0.09000000000000001
1 0.215 0.33666666666666667 0.08 0.1
1 0.41125 0.3866666666666667 0.0925 0.11333333333333334
1 0.465 0.5933333333333334 0.07 0.08
1 0.52375 0.46 0.08750000000000001 0.10666666666666667
1 0.5475 0.3566666666666667 0.075 0.08666666666666667
1 0.61875 0.43333333333333335 0.08750000000000001 0.1
1 0.45125 0.24666666666666667 0.0575 0.07333333333333333
1 0.6825 0.09333333333333334 0.06 0.08666666666666667
1 0.7262500000000001 0.4 0.0675 0.1
1 0.80375 0.325 0.0675 0.10333333333333335
1 0.41000000000000003 0.02666666666666667 0.055 0.04666666666666667
1 0.49375 0.1366666666666667 0.0725 0.04666666666666667
