1 0.05 0.635 0.095 0.09666666666666668
1 0.20625000000000002 0.6316666666666667 0.0925 0.09000000000000001
1 0.16375 0.9233333333333333 0.1375 0.14
1 0.61375 0.07500000000000001 0.0725 0.06333333333333334
1 0.4 0.315 0.065 0.08333333333333334
1 0.215 0.03333333333333333 0.07 0.060000000000000005
1 0.64125 0.6916666666666668 0.0775 0.09666666666666668
1 0.80875 0.7250000000000001 0.0725 0.10333333333333335
1 0.9725 0.42333333333333334 0.055 0.07333333333333333
1 0.80875 0.08166666666666667 0.0525 0.07666666666666667
1 0.495 0.05 0.065 0.08
1 0.9875 0.3466666666666667 0.025 0.08666666666666667
