1 0.17250000000000001 0.405 0.055 0.05666666666666667
1 0.2325 0.4783333333333334 0.055 0.05666666666666667
1 0.20875 0.6183333333333334 0.0575 0.07
1 0.23750000000000002 0.7616666666666667 0.06 0.06333333333333334
1 0.3575 0.7533333333333334 0.05 0.06666666666666667
1 0.62875 0.6733333333333333 0.0425 0.060000000000000005
1 0.75875 0.8116666666666668 0.0425 0.05666666666666667
1 0.80625 0.8766666666666667 0.0675 0.07333333333333333
1 0.6725 0.6283333333333334 0.055 0.07
1 0.9762500000000001 0.525 0.0475 0.07
1 0.51875 0.7516666666666667 0.0575 0.06333333333333334
