1 0.49125 0.6666666666666667 0.08750000000000001 0.09333333333333334
1 0.44125000000000003 0.8350000000000001 0.0725 0.07666666666666667
1 0.20375000000000001 0.6466666666666667 0.0675 0.1
1 0.0575 0.9650000000000001 0.11 0.07
1 0.2125 0.43500000000000005 0.05 0.06333333333333334
1 0.355 0.3616666666666667 0.065 0.07
1 0.43875000000000003 0.42333333333333334 0.0675 0.09333333333333334
1 0.68 0.19 0.05 0.08
1 0.96375 0.6833333333333333 0.0725 0.08666666666666667
1 0.58375 0.14833333333333334 0.0525 0.06333333333333334
