1 0.06875 0.8166666666666668 0.1075 0.12000000000000001
1 0.20125 0.55 0.0675 0.08666666666666667
1 0.10375000000000001 0.64 0.0625 0.060000000000000005
1 0.46625 0.5850000000000001 0.0775 0.09000000000000001
1 0.40875 0.7150000000000001 0.0775 0.07
1 0.9400000000000001 0.5883333333333334 0.07 0.09000000000000001
1 0.41250000000000003 0.36333333333333334 0.055 0.08
1 0.34125 0.3066666666666667 0.0475 0.06666666666666667
1 0.2025 0.375 0.055 0.05
1 0.55 0.125 0.055 0.07
1 0.65 0.16666666666666669 0.06 0.060000000000000005
1 0.89125 0.62 0.0575 0.07333333333333333
