1 0.02875 0.44333333333333336 0.0525 0.08666666666666667
1 0.1875 0.385 0.08 0.06333333333333334
1 0.39375 0.34833333333333333 0.0575 0.07666666666666667
1 0.395 0.41500000000000004 0.065 0.07666666666666667
1 0.425 0.47000000000000003 0.06 0.06666666666666667
1 0.4375 0.6183333333333334 0.07 0.07666666666666667
1 0.42375 0.9183333333333334 0.1275 0.16333333333333333
1 0.07625 0.9516666666666668 0.1325 0.09666666666666668
0 0.515 0.5800000000000001 0.1 0.08
1 0.0225 0.21500000000000002 0.04 0.05666666666666667
