1 0.67375 0.6966666666666667 0.0775 0.08666666666666667
1 0.50875 0.6266666666666667 0.0625 0.08
1 0.24125 0.45833333333333337 0.0725 0.08333333333333334
1 0.1375 0.4683333333333334 0.055 0.06333333333333334
1 0.5437500000000001 0.14 0.0675 0.09333333333333334
1 0.66 0.5183333333333333 0.07 0.09000000000000001
1 0.38375000000000004 0.29333333333333333 0.0575 0.08
1 0.44375000000000003 0.32666666666666666 0.0575 0.060000000000000005
1 0.14375000000000002 0.9716666666666667 0.0775 0.05666666666666667
1 0.97875 0.515 0.0425 0.09666666666666668
