1 0.12375 0.5166666666666667 0.1125 0.14
1 0.145 0.21833333333333335 0.14 0.17
1 0.315 0.3433333333333334 0.07 0.11333333333333334
1 0.54875 0.49333333333333335 0.0975 0.12666666666666668
1 0.5275 0.8883333333333334 0.13 0.12333333333333334
1 0.43375 0.19666666666666668 0.0775 0.11333333333333334
1 0.5075000000000001 0.23 0.085 0.10666666666666667
1 0.765 0.3383333333333334 0.11 0.14333333333333334
1 0.765 0.09333333333333334 0.07 0.07333333333333333
1 0.4975 0.045000000000000005 0.08 0.08333333333333334
0 0.9075 0.3466666666666667 0.065 0.1
