0 0.8562500000000001 0.46 0.1375 0.1
0 0.22375 0.6816666666666668 0.10250000000000001 0.11
0 0.28625 0.5166666666666667 0.0575 0.07333333333333333
0 0.87125 0.2066666666666667 0.0775 0.12000000000000001
1 0.05 0.5750000000000001 0.095 0.15000000000000002
1 0.195 0.5650000000000001 0.11 0.11
1 0.42375 0.385 0.0975 0.13
1 0.0375 0.29000000000000004 0.07 0.08666666666666667
1 0.055 0.058333333333333334 0.105 0.08333333333333334
1 0.41125 0.065 0.0925 0.09000000000000001
1 0.49875 0.135 0.0675 0.09000000000000001
1 0.58375 0.17833333333333334 0.0525 0.06333333333333334
1 0.4825 0.035 0.105 0.06333333333333334
