1 0.0375 0.5650000000000001 0.07 0.15000000000000002
1 0.17375000000000002 0.5416666666666667 0.0975 0.11
1 0.40750000000000003 0.3666666666666667 0.1 0.12000000000000001
1 0.015 0.25833333333333336 0.025 0.07666666666666667
1 0.035 0.016666666666666666 0.065 0.02666666666666667
1 0.4225 0.035 0.075 0.06333333333333334
1 0.51125 0.095 0.0725 0.09000000000000001
1 0.6012500000000001 0.14666666666666667 0.0675 0.07333333333333333
0 0.34125 0.5 0.0775 0.12666666666666668
0 0.26875 0.5066666666666667 0.0775 0.1
0 0.1925 0.6883333333333334 0.12 0.13
0 0.87875 0.4766666666666667 0.1375 0.1
0 0.91125 0.19166666666666668 0.0775 0.13
