1 0.11625 0.49333333333333335 0.1075 0.11333333333333334
1 0.03625 0.5916666666666667 0.0675 0.12333333333333334
1 0.0425 0.35000000000000003 0.08 0.14
1 0.08625000000000001 0.27166666666666667 0.0625 0.07
1 0.105 0.09000000000000001 0.06 0.08
1 0.03 0.09833333333333334 0.055 0.08333333333333334
1 0.4025 0.38 0.08 0.10666666666666667
1 0.22875 0.52 0.0825 0.12000000000000001
1 0.40750000000000003 0.12333333333333334 0.07 0.09333333333333334
1 0.465 0.08 0.08 0.1
1 0.46875 0.17666666666666667 0.0775 0.08
1 0.545 0.22 0.055 0.07333333333333333
0 0.75 0.4466666666666667 0.12 0.09333333333333334
