1 0.07375 0.925 0.14250000000000002 0.13
1 0.4525 0.4716666666666667 0.1 0.14333333333333334
1 0.33375 0.29000000000000004 0.11750000000000001 0.15333333333333335
1 0.69875 0.19166666666666668 0.0575 0.07666666666666667
1 0.885 0.28500000000000003 0.085 0.09000000000000001
1 0.6525 0.06166666666666667 0.08 0.11666666666666667
0 0.4525 0.885 0.19 0.08333333333333334
0 0.5525 0.9450000000000001 0.2 0.11
0 0.95875 0.4216666666666667 0.0825 0.07666666666666667
0 0.57625 0.3983333333333334 0.1125 0.16333333333333333
