1 0.19 0.26333333333333336 0.105 0.11333333333333334
1 0.10125 0.10166666666666667 0.1225 0.11666666666666667
1 0.11125 0.37333333333333335 0.1075 0.1
1 0.02875 0.41500000000000004 0.0525 0.12333333333333334
1 0.06 0.5816666666666667 0.115 0.18333333333333335
1 0.14 0.9516666666666668 0.21 0.09666666666666668
1 0.96375 0.9533333333333334 0.0725 0.08666666666666667
1 0.8475 0.14500000000000002 0.155 0.18333333333333335
1 0.95125 0.060000000000000005 0.0975 0.11333333333333334
1 0.96375 0.24500000000000002 0.0725 0.11666666666666667
