0 0.9450000000000001 0.31 0.07 0.12666666666666668
1 0.21125 0.17 0.1275 0.16
1 0.18 0.46 0.105 0.14
1 0.3775 0.31 0.075 0.10666666666666667
1 0.49125 0.16833333333333333 0.0725 0.09666666666666668
1 0.56875 0.21000000000000002 0.0725 0.10666666666666667
1 0.80625 0.08833333333333333 0.0775 0.09000000000000001
1 0.545 0.043333333333333335 0.08 0.08
1 0.8075 0.315 0.095 0.14333333333333334
1 0.6062500000000001 0.4733333333333334 0.08750000000000001 0.12000000000000001
1 0.5775 0.8150000000000001 0.125 0.1366666666666667
