1 0.10375000000000001 0.7833333333333334 0.1675 0.2066666666666667
1 0.34 0.8516666666666667 0.09 0.15000000000000002
1 0.64625 0.9366666666666668 0.1075 0.12666666666666668
1 0.46125 0.5966666666666667 0.0925 0.13333333333333333
1 0.56125 0.6066666666666667 0.10250000000000001 0.14666666666666667
1 0.8612500000000001 0.7316666666666667 0.1275 0.15000000000000002
1 0.79 0.3983333333333334 0.065 0.09000000000000001
1 0.51 0.3816666666666667 0.075 0.09666666666666668
1 0.27375 0.21000000000000002 0.1075 0.13333333333333333
1 0.4375 0.24666666666666667 0.075 0.08
1 0.5 0.26166666666666666 0.075 0.09666666666666668
