1 0.74125 0.6366666666666667 0.0975 0.14666666666666667
1 0.635 0.8083333333333333 0.1 0.10333333333333335
1 0.32 0.4783333333333334 0.09 0.10333333333333335
1 0.46125 0.3616666666666667 0.0925 0.09666666666666668
1 0.5125 0.28833333333333333 0.08 0.06333333333333334
1 0.6325000000000001 0.2733333333333334 0.095 0.08666666666666667
1 0.7725 0.33333333333333337 0.08 0.10666666666666667
1 0.76375 0.115 0.0775 0.09000000000000001
1 0.6575 0.11 0.07 0.060000000000000005
1 0.8475 0.18166666666666667 0.06 0.09666666666666668
0 0.8562500000000001 0.55 0.14250000000000002 0.12000000000000001
