1 0.44625000000000004 0.5666666666666667 0.1075 0.12000000000000001
1 0.4225 0.8766666666666667 0.155 0.19333333333333336
1 0.3675 0.3916666666666667 0.07 0.06333333333333334
1 0.39125 0.3416666666666667 0.0625 0.05666666666666667
1 0.5650000000000001 0.3466666666666667 0.085 0.07333333333333333
1 0.6225 0.26833333333333337 0.045 0.07666666666666667
1 0.06125 0.135 0.0725 0.07666666666666667
1 0.01875 0.18333333333333335 0.0325 0.07333333333333333
0 0.3 0.895 0.145 0.21000000000000002
0 0.55375 0.655 0.0725 0.11666666666666667
0 0.15625 0.3216666666666667 0.0725 0.09666666666666668
