1 0.33375 0.11 0.0475 0.060000000000000005
1 0.365 0.17666666666666667 0.055 0.06666666666666667
1 0.3 0.15000000000000002 0.055 0.04666666666666667
1 0.5225 0.275 0.045 0.06333333333333334
1 0.5 0.38 0.055 0.05333333333333334
1 0.47875 0.43833333333333335 0.0375 0.030000000000000002
1 0.37375 0.5066666666666667 0.0525 0.06666666666666667
1 0.61375 0.4683333333333334 0.0525 0.05
1 0.66125 0.10166666666666667 0.0425 0.05666666666666667
1 0.7275 0.035 0.08 0.05666666666666667
1 0.68625 0.19166666666666668 0.0525 0.05
1 0.6825 0.5183333333333333 0.035 0.043333333333333335
1 0.8150000000000001 0.5516666666666667 0.055 0.06333333333333334
1 0.9375 0.5800000000000001 0.05 0.060000000000000005
1 0.1925 0.21333333333333335 0.035 0.04
1 0.055 0.32666666666666666 0.04 0.04666666666666667
1 0.1375 0.45833333333333337 0.03 0.030000000000000002
1 0.3875 0.7533333333333334 0.05 0.04
1 0.23875000000000002 0.7333333333333334 0.0275 0.04
1 0.67625 0.7983333333333333 0.0425 0.03666666666666667
1 0.73875 0.7400000000000001 0.0475 0.04
1 0.89125 0.745 0.0475 0.03666666666666667
1 0.49875 0.8283333333333334 0.0275 0.030000000000000002
