1 0.20500000000000002 0.19666666666666668 0.095 0.13333333333333333
1 0.47125 0.15333333333333335 0.1825 0.24666666666666667
1 0.935 0.05 0.125 0.09333333333333334
1 0.2225 0.6333333333333334 0.115 0.10666666666666667
1 0.34625 0.9066666666666667 0.1475 0.10666666666666667
1 0.36 0.765 0.105 0.11
1 0.72 0.9433333333333334 0.12 0.08666666666666667
1 0.28375 0.18000000000000002 0.0975 0.12666666666666668
0 0.71875 0.19333333333333336 0.2275 0.26666666666666666
0 0.73 0.685 0.27 0.19666666666666668
