0 0.6575 0.7333333333333334 0.09 0.2
0 0.20500000000000002 0.24833333333333335 0.085 0.12333333333333334
0 0.58375 0.4033333333333334 0.1125 0.10666666666666667
1 0.035 0.058333333333333334 0.065 0.10333333333333335
1 0.1525 0.03166666666666667 0.095 0.05666666666666667
1 0.465 0.34833333333333333 0.1 0.09666666666666668
1 0.52875 0.5983333333333334 0.1375 0.15000000000000002
1 0.5125 0.2916666666666667 0.08 0.09000000000000001
1 0.7312500000000001 0.29333333333333333 0.0975 0.06666666666666667
1 0.80375 0.20333333333333334 0.0575 0.07333333333333333
