1 0.74 0.2516666666666667 0.07 0.07666666666666667
1 0.64875 0.315 0.0725 0.07666666666666667
1 0.6625 0.24500000000000002 0.04 0.05666666666666667
1 0.61875 0.6566666666666667 0.11750000000000001 0.13333333333333333
1 0.515 0.6983333333333334 0.095 0.09000000000000001
1 0.51875 0.5900000000000001 0.08750000000000001 0.08666666666666667
1 0.47875 0.5366666666666667 0.0925 0.07333333333333333
1 0.56625 0.4733333333333334 0.0725 0.10666666666666667
1 0.54125 0.38833333333333336 0.0725 0.08333333333333334
1 0.45125 0.44 0.0775 0.08
1 0.4825 0.36500000000000005 0.055 0.06333333333333334
1 0.46375 0.3066666666666667 0.0575 0.05333333333333334
1 0.495 0.265 0.065 0.05666666666666667
