0 0.5775 0.8466666666666667 0.16 0.22
0 0.4825 0.9233333333333333 0.13 0.15333333333333335
0 0.6275000000000001 0.5850000000000001 0.1 0.16333333333333333
0 0.90375 0.6433333333333334 0.0975 0.17333333333333334
1 0.34 0.8316666666666667 0.19 0.23
1 0.7212500000000001 0.7116666666666667 0.1325 0.17
1 0.79 0.6416666666666667 0.09 0.12333333333333334
1 0.8512500000000001 0.42833333333333334 0.08750000000000001 0.10333333333333335
1 0.8225 0.3166666666666667 0.07 0.08666666666666667
1 0.715 0.1716666666666667 0.06 0.06333333333333334
