0 0.64875 0.3716666666666667 0.17250000000000001 0.07
0 0.65625 0.5083333333333334 0.0975 0.09666666666666668
0 0.5 0.28833333333333333 0.085 0.10333333333333335
1 0.058750000000000004 0.41500000000000004 0.1125 0.16333333333333333
1 0.32625 0.37000000000000005 0.1125 0.12666666666666668
1 0.16875 0.5583333333333333 0.2225 0.18333333333333335
1 0.4975 0.525 0.135 0.18333333333333335
1 0.33125 0.9616666666666668 0.1875 0.07666666666666667
1 0.0975 0.33 0.065 0.07333333333333333
1 0.14 0.25333333333333335 0.095 0.08666666666666667
1 0.68 0.19833333333333333 0.1 0.10333333333333335
1 0.72375 0.043333333333333335 0.0675 0.08
