1 0.46 0.4866666666666667 0.095 0.10666666666666667
1 0.47125 0.7516666666666667 0.11750000000000001 0.1366666666666667
1 0.31625000000000003 0.9816666666666667 0.1375 0.03666666666666667
1 0.37125 0.32666666666666666 0.08750000000000001 0.10666666666666667
1 0.58625 0.21833333333333335 0.0675 0.06333333333333334
1 0.02125 0.18166666666666667 0.0375 0.07
1 0.04 0.1366666666666667 0.075 0.08
1 0.55 0.29333333333333333 0.085 0.07333333333333333
0 0.3925 0.7916666666666667 0.17 0.19
0 0.57375 0.5533333333333333 0.0925 0.12000000000000001
