1 0.56375 0.27166666666666667 0.0975 0.10333333333333335
1 0.765 0.04833333333333334 0.07 0.09000000000000001
1 0.06125 0.685 0.11750000000000001 0.14333333333333334
1 0.2575 0.8166666666666668 0.135 0.16
1 0.35875 0.7516666666666667 0.0975 0.11666666666666667
1 0.38375000000000004 0.8566666666666667 0.1125 0.12666666666666668
1 0.68 0.7366666666666667 0.13 0.14
1 0.65 0.8633333333333334 0.105 0.12000000000000001
1 0.8150000000000001 0.88 0.125 0.12666666666666668
1 0.69625 0.9550000000000001 0.1375 0.09000000000000001
