1 0.335 0.9316666666666668 0.20500000000000002 0.1366666666666667
1 0.7575000000000001 0.8300000000000001 0.145 0.2
1 0.83875 0.7533333333333334 0.0975 0.14
1 0.91 0.5166666666666667 0.1 0.11333333333333334
1 0.88125 0.38 0.0725 0.10666666666666667
1 0.75375 0.21666666666666667 0.0675 0.07333333333333333
1 0.595 0.06333333333333334 0.06 0.060000000000000005
0 0.94375 0.7183333333333334 0.1125 0.2833333333333333
0 0.66 0.6950000000000001 0.12 0.17
0 0.55625 0.93 0.1375 0.14
1 0.6637500000000001 0.11 0.0575 0.08
