1 0.20625000000000002 0.7983333333333333 0.08750000000000001 0.09000000000000001
1 0.41000000000000003 0.8600000000000001 0.075 0.09333333333333334
1 0.55 0.7633333333333334 0.06 0.06666666666666667
1 0.05625 0.8650000000000001 0.0825 0.11
1 0.5375 0.5916666666666667 0.08 0.10333333333333335
1 0.6587500000000001 0.5033333333333334 0.0675 0.07333333333333333
1 0.29625 0.39333333333333337 0.0575 0.060000000000000005
1 0.33375 0.17 0.0725 0.08
1 0.44875 0.055 0.08750000000000001 0.10333333333333335
1 0.57125 0.095 0.0825 0.09666666666666668
