1 0.425 0.65 0.065 0.060000000000000005
1 0.03375 0.8683333333333334 0.0625 0.09666666666666668
1 0.60875 0.9516666666666668 0.1225 0.09666666666666668
1 0.8200000000000001 0.8683333333333334 0.09 0.11666666666666667
1 0.9475 0.8466666666666667 0.105 0.12666666666666668
1 0.7212500000000001 0.5216666666666667 0.0675 0.07666666666666667
1 0.9500000000000001 0.35500000000000004 0.045 0.07666666666666667
1 0.42875 0.545 0.0475 0.06333333333333334
1 0.625 0.30833333333333335 0.04 0.043333333333333335
1 0.7675000000000001 0.25 0.045 0.04666666666666667
