1 0.03 0.8550000000000001 0.055 0.07
1 0.28250000000000003 0.6916666666666668 0.085 0.06333333333333334
1 0.27625 0.9633333333333334 0.08750000000000001 0.07333333333333333
1 0.3575 0.9266666666666667 0.08 0.060000000000000005
1 0.47375 0.8483333333333334 0.0825 0.08333333333333334
1 0.455 0.9633333333333334 0.085 0.07333333333333333
1 0.5725 0.9033333333333334 0.075 0.08
1 0.6425 0.9600000000000001 0.11 0.08
1 0.60375 0.8266666666666668 0.0775 0.05333333333333334
1 0.52625 0.7466666666666667 0.0525 0.04666666666666667
1 0.1375 0.6283333333333334 0.05 0.05
