1 0.11375 0.7216666666666667 0.0625 0.05666666666666667
1 0.0825 0.9716666666666667 0.08 0.05666666666666667
1 0.17375000000000002 0.9333333333333333 0.0825 0.06666666666666667
1 0.25875 0.9650000000000001 0.0725 0.07
1 0.295 0.8450000000000001 0.07 0.07666666666666667
1 0.39375 0.895 0.0725 0.07
1 0.45875 0.9633333333333334 0.08750000000000001 0.07333333333333333
1 0.445 0.8733333333333334 0.055 0.05333333333333334
1 0.4225 0.8200000000000001 0.07 0.05333333333333334
1 0.37375 0.7666666666666667 0.0525 0.05333333333333334
1 0.1575 0.6966666666666667 0.05 0.060000000000000005
