1 0.15875 0.7200000000000001 0.0575 0.05333333333333334
1 0.02 0.65 0.035 0.060000000000000005
1 0.1275 0.9683333333333334 0.09 0.06333333333333334
1 0.22125 0.935 0.0825 0.07666666666666667
1 0.3075 0.9616666666666668 0.095 0.07666666666666667
1 0.3425 0.8483333333333334 0.08 0.07
1 0.51 0.9600000000000001 0.12 0.08
1 0.44875 0.9066666666666667 0.0725 0.07333333333333333
1 0.48875 0.8783333333333334 0.0725 0.07
1 0.47125 0.8266666666666668 0.0575 0.060000000000000005
1 0.41500000000000004 0.7616666666666667 0.05 0.043333333333333335
