1 0.04625 0.6783333333333333 0.0675 0.07
1 0.10250000000000001 0.675 0.06 0.06333333333333334
1 0.17250000000000001 0.755 0.08 0.08333333333333334
1 0.25375000000000003 0.9633333333333334 0.1275 0.07333333333333333
1 0.43875000000000003 0.9500000000000001 0.1125 0.1
1 0.4275 0.7516666666666667 0.11 0.11
1 0.365 0.64 0.075 0.07333333333333333
1 0.25375000000000003 0.56 0.08750000000000001 0.09333333333333334
1 0.42875 0.625 0.0775 0.08333333333333334
1 0.4325 0.54 0.095 0.08
1 0.06125 0.32 0.0725 0.06666666666666667
1 0.365 0.4316666666666667 0.06 0.05666666666666667
1 0.12875 0.2966666666666667 0.0575 0.04666666666666667
