1 0.7375 0.6066666666666667 0.165 0.19333333333333336
1 0.43875000000000003 0.31 0.10250000000000001 0.16
1 0.25875 0.08 0.1825 0.15333333333333335
1 0.52375 0.165 0.1075 0.17
1 0.31625000000000003 0.9650000000000001 0.1525 0.07
2 0.11750000000000001 0.7516666666666667 0.225 0.24333333333333335
0 0.39875 0.8433333333333334 0.1275 0.22666666666666668
0 0.65375 0.8600000000000001 0.1325 0.14
0 0.445 0.655 0.09 0.15000000000000002
0 0.4975 0.49500000000000005 0.1 0.17
0 0.5225 0.5983333333333334 0.105 0.07
