1 0.29625 0.34833333333333333 0.0825 0.09666666666666668
1 0.16875 0.3166666666666667 0.0575 0.07333333333333333
1 0.2 0.375 0.065 0.05666666666666667
1 0.4375 0.195 0.05 0.05
1 0.70625 0.255 0.0725 0.08333333333333334
1 0.7262500000000001 0.46166666666666667 0.0575 0.06333333333333334
1 0.82125 0.5233333333333333 0.0675 0.07333333333333333
1 0.8512500000000001 0.62 0.0675 0.08
1 0.9075 0.335 0.045 0.05666666666666667
1 0.95125 0.38333333333333336 0.0625 0.07333333333333333
1 0.66 0.79 0.09 0.13333333333333333
0 0.7675000000000001 0.9216666666666667 0.165 0.09000000000000001
2 0.5337500000000001 0.9183333333333334 0.1225 0.10333333333333335
2 0.645 0.9233333333333333 0.11 0.08
