1 0.45875 0.6016666666666667 0.08750000000000001 0.1366666666666667
1 0.41250000000000003 0.38833333333333336 0.085 0.08333333333333334
1 0.465 0.3166666666666667 0.055 0.060000000000000005
1 0.69375 0.5816666666666667 0.0675 0.07
1 0.6425 0.4566666666666667 0.065 0.07333333333333333
1 0.6775 0.4133333333333334 0.05 0.05333333333333334
0 0.1275 0.8716666666666667 0.14 0.20333333333333334
0 0.36125 0.77 0.08750000000000001 0.12000000000000001
0 0.725 0.8816666666666667 0.12 0.17666666666666667
0 0.56 0.7933333333333333 0.13 0.1
