1 0.0525 0.8033333333333333 0.085 0.060000000000000005
1 0.32375 0.5950000000000001 0.0575 0.07
1 0.4675 0.5916666666666667 0.06 0.07666666666666667
1 0.41625 0.8033333333333333 0.0725 0.09333333333333334
1 0.51375 0.8916666666666667 0.0925 0.09000000000000001
1 0.88 0.5916666666666667 0.08 0.09666666666666668
1 0.9725 0.685 0.055 0.10333333333333335
1 0.9725 0.5700000000000001 0.055 0.1
1 0.7775 0.40166666666666667 0.065 0.07666666666666667
1 0.6425 0.34 0.035 0.04666666666666667
1 0.6875 0.2916666666666667 0.05 0.05666666666666667
0 0.5475 0.6333333333333334 0.09 0.1
