1 0.8612500000000001 0.6733333333333333 0.0775 0.09333333333333334
1 0.78 0.6083333333333334 0.07 0.07666666666666667
1 0.88125 0.5816666666666667 0.08750000000000001 0.11
1 0.9762500000000001 0.7366666666666667 0.0475 0.08666666666666667
1 0.38625 0.8116666666666668 0.0575 0.09666666666666668
1 0.465 0.8816666666666667 0.065 0.09000000000000001
1 0.4325 0.63 0.05 0.06666666666666667
1 0.70375 0.46166666666666667 0.0525 0.07666666666666667
1 0.065 0.8083333333333333 0.07 0.07
1 0.31375000000000003 0.6333333333333334 0.0475 0.06666666666666667
1 0.59875 0.4116666666666667 0.0375 0.05
1 0.6425 0.3666666666666667 0.045 0.04666666666666667
