1 0.06125 0.8216666666666668 0.0775 0.09000000000000001
1 0.325 0.8933333333333334 0.085 0.11333333333333334
1 0.3725 0.9733333333333334 0.08 0.05333333333333334
1 0.5525 0.8016666666666667 0.055 0.08333333333333334
1 0.46125 0.9016666666666667 0.0625 0.07666666666666667
1 0.58125 0.6933333333333334 0.0525 0.05333333333333334
1 0.6525 0.685 0.06 0.06333333333333334
1 0.50625 0.515 0.0625 0.07
1 0.65 0.335 0.06 0.07666666666666667
1 0.6900000000000001 0.44833333333333336 0.065 0.07666666666666667
