0 0.51375 0.9 0.1475 0.19333333333333336
1 0.2 0.8266666666666668 0.145 0.17333333333333334
1 0.1575 0.505 0.155 0.17666666666666667
1 0.39125 0.5083333333333334 0.08750000000000001 0.1366666666666667
1 0.4675 0.5516666666666667 0.075 0.11666666666666667
1 0.33875 0.315 0.11750000000000001 0.07666666666666667
1 0.28500000000000003 0.155 0.09 0.11
1 0.105 0.18666666666666668 0.11 0.10666666666666667
1 0.04875 0.35500000000000004 0.0925 0.09666666666666668
0 0.7425 0.41833333333333333 0.08 0.11
0 0.485 0.4466666666666667 0.075 0.12000000000000001
