1 0.16125 0.5783333333333334 0.1225 0.14333333333333334
1 0.20375000000000001 0.8666666666666667 0.14250000000000002 0.17333333333333334
1 0.3625 0.5983333333333334 0.09 0.13
1 0.29625 0.41000000000000003 0.1275 0.07333333333333333
1 0.25375000000000003 0.27666666666666667 0.0925 0.11333333333333334
1 0.0425 0.47000000000000003 0.08 0.09333333333333334
1 0.07875 0.3166666666666667 0.0825 0.11333333333333334
1 0.44 0.6283333333333334 0.07 0.10333333333333335
0 0.50125 0.9233333333333333 0.1325 0.15333333333333335
0 0.68125 0.49000000000000005 0.0825 0.07333333333333333
0 0.43875000000000003 0.5266666666666667 0.0625 0.08666666666666667
