0 0.6675 0.7583333333333334 0.17 0.17
0 0.8250000000000001 0.8300000000000001 0.16 0.18666666666666668
0 0.3275 0.2833333333333333 0.115 0.1
1 0.058750000000000004 0.9633333333333334 0.1125 0.07333333333333333
1 0.34875 0.47000000000000003 0.1325 0.13333333333333333
1 0.70125 0.48000000000000004 0.0675 0.08666666666666667
1 0.7825 0.6083333333333334 0.115 0.12333333333333334
1 0.18875 0.23500000000000001 0.0725 0.07666666666666667
1 0.33375 0.19833333333333333 0.10250000000000001 0.09000000000000001
1 0.44375000000000003 0.21666666666666667 0.0725 0.08666666666666667
