0 0.4225 0.89 0.105 0.14
0 0.41500000000000004 0.5916666666666667 0.085 0.05666666666666667
1 0.07125000000000001 0.8766666666666667 0.11750000000000001 0.12666666666666668
1 0.30375 0.9566666666666668 0.1225 0.08666666666666667
1 0.20125 0.9816666666666667 0.0925 0.03666666666666667
1 0.3575 0.8200000000000001 0.095 0.1
1 0.34 0.62 0.065 0.08
1 0.10250000000000001 0.43333333333333335 0.06 0.05333333333333334
1 0.29 0.46 0.055 0.05333333333333334
1 0.27625 0.4066666666666667 0.0475 0.04666666666666667
