0 0.76 0.7966666666666667 0.135 0.06666666666666667
1 0.28750000000000003 0.6050000000000001 0.07 0.08333333333333334
1 0.3525 0.615 0.055 0.06333333333333334
1 0.435 0.7433333333333334 0.05 0.05333333333333334
1 0.6925 0.7466666666666667 0.11 0.09333333333333334
1 0.4825 0.5483333333333333 0.07 0.06333333333333334
1 0.50125 0.6016666666666667 0.0475 0.05666666666666667
1 0.65 0.5916666666666667 0.06 0.07
1 0.76125 0.515 0.0675 0.07
1 0.735 0.3666666666666667 0.075 0.07333333333333333
1 0.84 0.2733333333333334 0.065 0.08
1 0.5075000000000001 0.195 0.045 0.05666666666666667
