1 0.57375 0.5216666666666667 0.1075 0.11
1 0.6900000000000001 0.42333333333333334 0.095 0.09333333333333334
1 0.8025 0.5133333333333334 0.11 0.12666666666666668
1 0.64375 0.19833333333333333 0.0725 0.07666666666666667
1 0.5875 0.19333333333333336 0.06 0.06666666666666667
1 0.81875 0.15666666666666668 0.0575 0.05333333333333334
1 0.8575 0.2066666666666667 0.08 0.06666666666666667
1 0.875 0.26333333333333336 0.075 0.08666666666666667
1 0.94375 0.24333333333333335 0.0725 0.08666666666666667
0 0.81375 0.7266666666666667 0.1325 0.12666666666666668
0 0.5925 0.9700000000000001 0.07 0.060000000000000005
