0 0.83375 0.6283333333333334 0.1225 0.09000000000000001
0 0.29875 0.8333333333333334 0.08750000000000001 0.10666666666666667
0 0.34375 0.6916666666666668 0.0525 0.08333333333333334
0 0.41625 0.66 0.0625 0.12000000000000001
1 0.06 0.8250000000000001 0.115 0.14333333333333334
1 0.17625 0.7183333333333334 0.1075 0.13
1 0.29 0.7233333333333334 0.075 0.1
1 0.08 0.5666666666666667 0.12 0.12666666666666668
1 0.1475 0.48833333333333334 0.08 0.07666666666666667
1 0.4675 0.5733333333333334 0.07 0.10666666666666667
1 0.0125 0.39333333333333337 0.02 0.07333333333333333
1 0.02625 0.29833333333333334 0.0475 0.09666666666666668
1 0.08125 0.3116666666666667 0.0825 0.09000000000000001
1 0.17125 0.29500000000000004 0.0675 0.07666666666666667
1 0.1 0.2366666666666667 0.065 0.060000000000000005
1 0.4625 0.30833333333333335 0.075 0.08333333333333334
1 0.515 0.255 0.075 0.08333333333333334
1 0.52375 0.35500000000000004 0.0725 0.07
1 0.605 0.3983333333333334 0.045 0.06333333333333334
