2 0.6637500000000001 0.44833333333333336 0.1575 0.22333333333333336
2 0.57625 0.385 0.10250000000000001 0.17
2 0.38125000000000003 0.6233333333333334 0.0725 0.12000000000000001
2 0.3925 0.785 0.105 0.20333333333333334
2 0.5700000000000001 0.9216666666666667 0.1 0.15666666666666668
2 0.57875 0.785 0.08750000000000001 0.15000000000000002
2 0.21125 0.9483333333333334 0.0725 0.09666666666666668
2 0.21 0.5800000000000001 0.085 0.12000000000000001
2 0.09125 0.655 0.0625 0.08333333333333334
2 0.56625 0.03666666666666667 0.0775 0.06666666666666667
2 0.26125 0.195 0.0425 0.08333333333333334
2 0.18125 0.4716666666666667 0.0525 0.08333333333333334
