1 0.39375 0.8283333333333334 0.0725 0.09000000000000001
1 0.24125 0.8833333333333334 0.0725 0.08
1 0.28 0.6283333333333334 0.055 0.043333333333333335
1 0.08375 0.5816666666666667 0.0475 0.05
1 0.495 0.9583333333333334 0.05 0.05666666666666667
1 0.63875 0.81 0.0525 0.060000000000000005
1 0.7937500000000001 0.9066666666666667 0.0675 0.06666666666666667
1 0.7225 0.8483333333333334 0.055 0.06333333333333334
1 0.8250000000000001 0.48333333333333334 0.065 0.06666666666666667
1 0.81125 0.41500000000000004 0.0575 0.05
1 0.965 0.47500000000000003 0.07 0.05666666666666667
1 0.915 0.4 0.055 0.05333333333333334
