1 0.71125 0.115 0.08750000000000001 0.12333333333333334
0 0.8200000000000001 0.5466666666666667 0.28500000000000003 0.28
2 0.3875 0.7883333333333333 0.12 0.1366666666666667
2 0.42375 0.9416666666666668 0.0775 0.11
2 0.45125 0.4316666666666667 0.0675 0.09000000000000001
2 0.61125 0.335 0.0775 0.08333333333333334
2 0.15875 0.23333333333333334 0.0775 0.09333333333333334
2 0.55875 0.11666666666666667 0.0725 0.08666666666666667
2 0.22875 0.06333333333333334 0.0825 0.07333333333333333
2 0.44 0.3166666666666667 0.08 0.09333333333333334
2 0.74625 0.9583333333333334 0.0925 0.08333333333333334
2 0.36 0.49333333333333335 0.07 0.08
2 0.07125000000000001 0.3383333333333334 0.1225 0.09000000000000001
2 0.46125 0.21666666666666667 0.10250000000000001 0.1
