0 0.6587500000000001 0.8983333333333334 0.08750000000000001 0.18333333333333335
1 0.145 0.7166666666666667 0.08 0.08666666666666667
1 0.14375000000000002 0.5483333333333333 0.0775 0.06333333333333334
1 0.37375 0.4 0.0725 0.07333333333333333
1 0.47375 0.26333333333333336 0.0525 0.060000000000000005
1 0.65375 0.48833333333333334 0.0775 0.09000000000000001
1 0.8175 0.49000000000000005 0.065 0.09333333333333334
1 0.93625 0.195 0.0825 0.11
1 0.77125 0.8266666666666668 0.0775 0.09333333333333334
1 0.985 0.7683333333333334 0.03 0.11
