0 0.36875 0.18666666666666668 0.2025 0.07333333333333333
0 0.4825 0.26666666666666666 0.12 0.14666666666666667
1 0.0925 0.7766666666666667 0.18 0.14666666666666667
1 0.18375 0.54 0.1775 0.14
2 0.28875 0.5466666666666667 0.0675 0.08
2 0.6062500000000001 0.4966666666666667 0.0675 0.07333333333333333
2 0.7675000000000001 0.765 0.09 0.11
2 0.965 0.7233333333333334 0.07 0.08
0 0.11875000000000001 0.9450000000000001 0.1975 0.11
0 0.09625 0.8883333333333334 0.1875 0.1366666666666667
0 0.2475 0.7066666666666667 0.09 0.16666666666666669
0 0.9550000000000001 0.5266666666666667 0.09 0.16666666666666669
