1 0.0475 0.525 0.085 0.09000000000000001
1 0.3375 0.45 0.07 0.07333333333333333
1 0.26625 0.5983333333333334 0.1075 0.10333333333333335
1 0.29875 0.8933333333333334 0.0925 0.10666666666666667
1 0.38625 0.7050000000000001 0.1075 0.12333333333333334
1 0.48625 0.6716666666666667 0.0925 0.11666666666666667
1 0.42375 0.5833333333333334 0.0925 0.11333333333333334
1 0.70125 0.5316666666666667 0.0675 0.09000000000000001
1 0.7025 0.4133333333333334 0.06 0.08666666666666667
1 0.595 0.3016666666666667 0.075 0.08333333333333334
1 0.3875 0.32666666666666666 0.05 0.05333333333333334
1 0.3375 0.18833333333333335 0.06 0.07
1 0.96375 0.043333333333333335 0.0725 0.07333333333333333
1 0.62125 0.63 0.0775 0.08
