1 0.52375 0.6583333333333333 0.1375 0.19
1 0.41000000000000003 0.48000000000000004 0.11 0.12666666666666668
1 0.5275 0.27 0.1 0.10666666666666667
1 0.41000000000000003 0.21833333333333335 0.085 0.09000000000000001
1 0.9137500000000001 0.49500000000000005 0.1075 0.13
1 0.9712500000000001 0.3816666666666667 0.0575 0.10333333333333335
1 0.7825 0.30000000000000004 0.06 0.07333333333333333
1 0.8612500000000001 0.25833333333333336 0.0675 0.05666666666666667
0 0.25125000000000003 0.9166666666666667 0.1875 0.16666666666666669
0 0.38375000000000004 0.915 0.1075 0.17
