1 0.2925 0.8283333333333334 0.125 0.11666666666666667
1 0.64875 0.7666666666666667 0.1325 0.14666666666666667
1 0.845 0.4866666666666667 0.105 0.12000000000000001
1 0.9625 0.5416666666666667 0.075 0.13
1 0.3325 0.7233333333333334 0.105 0.10666666666666667
1 0.06875 0.6333333333333334 0.1075 0.12000000000000001
1 0.0375 0.2816666666666667 0.07 0.1366666666666667
1 0.44125000000000003 0.24666666666666667 0.08750000000000001 0.11333333333333334
1 0.72375 0.05 0.0825 0.09333333333333334
1 0.04125 0.05 0.0775 0.09333333333333334
1 0.35375 0.16833333333333333 0.08750000000000001 0.09000000000000001
1 0.405 0.10333333333333335 0.095 0.12000000000000001
1 0.26875 0.03833333333333334 0.1625 0.07
