0 0.56875 0.8450000000000001 0.1275 0.2833333333333333
0 0.7937500000000001 0.8983333333333334 0.17250000000000001 0.20333333333333334
0 0.8925000000000001 0.4916666666666667 0.215 0.19
0 0.60375 0.5066666666666667 0.1225 0.11333333333333334
1 0.87625 0.37333333333333335 0.1525 0.15333333333333335
1 0.095 0.42000000000000004 0.09 0.10666666666666667
1 0.21 0.10166666666666667 0.07 0.07666666666666667
1 0.2575 0.045000000000000005 0.07 0.07666666666666667
1 0.36625 0.03833333333333334 0.0725 0.07
0 0.8 0.065 0.1 0.06333333333333334
