1 0.09875 0.9483333333333334 0.1125 0.10333333333333335
1 0.22125 0.7433333333333334 0.1225 0.14666666666666667
1 0.095 0.6133333333333334 0.13 0.14
1 0.27625 0.6000000000000001 0.1075 0.12000000000000001
1 0.3525 0.7150000000000001 0.105 0.12333333333333334
1 0.2025 0.44 0.07 0.08666666666666667
1 0.6125 0.4416666666666667 0.055 0.07666666666666667
1 0.5175 0.30333333333333334 0.08 0.1
1 0.28750000000000003 0.3066666666666667 0.07 0.060000000000000005
1 0.735 0.4266666666666667 0.075 0.08
1 0.24625 0.14333333333333334 0.0725 0.08
1 0.91625 0.058333333333333334 0.0725 0.08333333333333334
1 0.9775 0.19666666666666668 0.045 0.08666666666666667
1 0.59875 0.5733333333333334 0.0675 0.1
1 0.505 0.655 0.08 0.09666666666666668
