0 0.1275 0.9133333333333334 0.105 0.10666666666666667
0 0.81625 0.9116666666666667 0.1675 0.11
1 0.9425 0.7533333333333334 0.115 0.1
1 0.97 0.5033333333333334 0.06 0.08
1 0.7262500000000001 0.4133333333333334 0.0675 0.08666666666666667
1 0.78125 0.3916666666666667 0.08750000000000001 0.09666666666666668
1 0.6525 0.3383333333333334 0.075 0.08333333333333334
1 0.23875000000000002 0.04166666666666667 0.1775 0.07666666666666667
1 0.24625 0.4083333333333334 0.1125 0.13
2 0.18375 0.7666666666666667 0.0625 0.07333333333333333
