0 0.56875 0.39666666666666667 0.0825 0.18000000000000002
0 0.4975 0.9233333333333333 0.28500000000000003 0.12000000000000001
0 0.63125 0.9716666666666667 0.14250000000000002 0.05666666666666667
2 0.1475 0.15666666666666668 0.145 0.15333333333333335
1 0.32875 0.28 0.1375 0.16666666666666669
1 0.1 0.9650000000000001 0.19 0.07
1 0.72 0.12000000000000001 0.095 0.1
1 0.9275 0.22333333333333336 0.115 0.12000000000000001
1 0.47125 0.4666666666666667 0.11750000000000001 0.14
1 0.63625 0.028333333333333335 0.0925 0.05
0 0.385 0.7033333333333334 0.075 0.13333333333333333
