1 0.5375 0.4916666666666667 0.115 0.13
1 0.96125 0.25833333333333336 0.0775 0.12333333333333334
1 0.7525000000000001 0.17500000000000002 0.08 0.09666666666666668
1 0.6925 0.05 0.09 0.09333333333333334
1 0.39625 0.30333333333333334 0.1375 0.14666666666666667
1 0.38375000000000004 0.021666666666666667 0.0775 0.03666666666666667
1 0.19625 0.9483333333333334 0.2125 0.10333333333333335
2 0.25375000000000003 0.2016666666666667 0.1525 0.15666666666666668
0 0.56125 0.9166666666666667 0.2525 0.11333333333333334
0 0.615 0.4316666666666667 0.07 0.1366666666666667
0 0.68 0.9550000000000001 0.145 0.09000000000000001
0 0.455 0.7066666666666667 0.07 0.12666666666666668
