1 0.6225 0.8166666666666668 0.14 0.14
1 0.23375 0.8916666666666667 0.17250000000000001 0.16333333333333333
1 0.185 0.4783333333333334 0.11 0.13
1 0.5025000000000001 0.5966666666666667 0.095 0.09333333333333334
1 0.0175 0.24333333333333335 0.03 0.12000000000000001
1 0.3225 0.37833333333333335 0.09 0.08333333333333334
1 0.50625 0.32 0.0775 0.09333333333333334
1 0.64 0.3416666666666667 0.08 0.09000000000000001
1 0.6 0.155 0.07 0.08333333333333334
1 0.6675 0.14166666666666666 0.065 0.09000000000000001
0 0.5025000000000001 0.9183333333333334 0.14 0.08333333333333334
