1 0.06625 0.14 0.1275 0.2
1 0.1925 0.2316666666666667 0.115 0.17
1 0.42375 0.25333333333333335 0.0925 0.09333333333333334
1 0.75 0.28 0.1 0.10666666666666667
1 0.07 0.92 0.135 0.16
1 0.07 0.505 0.135 0.21666666666666667
0 0.16625 0.5733333333333334 0.14250000000000002 0.09333333333333334
0 0.74375 0.5750000000000001 0.1825 0.15000000000000002
0 0.9525 0.5533333333333333 0.095 0.14666666666666667
0 0.94625 0.21833333333333335 0.1075 0.09666666666666668
0 0.5725 0.2816666666666667 0.11 0.08333333333333334
