1 0.52125 0.8616666666666667 0.1325 0.1366666666666667
1 0.5475 0.53 0.085 0.14666666666666667
1 0.74625 0.39333333333333337 0.1075 0.12666666666666668
1 0.7575000000000001 0.195 0.065 0.07
1 0.19375 0.22833333333333336 0.1375 0.15666666666666668
1 0.3375 0.37000000000000005 0.07 0.12000000000000001
1 0.16125 0.4866666666666667 0.10250000000000001 0.14666666666666667
1 0.45375 0.26 0.0675 0.10666666666666667
1 0.52875 0.29833333333333334 0.0725 0.09666666666666668
1 0.52625 0.14666666666666667 0.0675 0.08666666666666667
1 0.52625 0.06666666666666667 0.0375 0.07333333333333333
1 0.58375 0.045000000000000005 0.0475 0.06333333333333334
1 0.4925 0.030000000000000002 0.045 0.05333333333333334
