1 0.0225 0.2916666666666667 0.04 0.12333333333333334
1 0.0225 0.15333333333333335 0.04 0.16666666666666669
1 0.16 0.3816666666666667 0.075 0.09000000000000001
1 0.41625 0.455 0.0775 0.09000000000000001
0 0.7025 0.9066666666666667 0.145 0.12000000000000001
0 0.64125 0.6316666666666667 0.1125 0.09666666666666668
0 0.57625 0.44 0.0825 0.05333333333333334
1 0.03125 0.9616666666666668 0.0575 0.07666666666666667
0 0.50625 0.6383333333333334 0.1475 0.1366666666666667
0 0.7675000000000001 0.6916666666666668 0.07 0.16333333333333333
0 0.3875 0.655 0.105 0.14333333333333334
0 0.1625 0.885 0.085 0.09666666666666668
