1 0.0275 0.12333333333333334 0.05 0.13333333333333333
1 0.2125 0.31 0.115 0.14
1 0.32125 0.4666666666666667 0.0625 0.12000000000000001
1 0.39375 0.935 0.1075 0.13
1 0.4875 0.64 0.08 0.11333333333333334
1 0.68375 0.545 0.0825 0.11
1 0.44125000000000003 0.395 0.0725 0.09666666666666668
1 0.5 0.43833333333333335 0.075 0.09666666666666668
1 0.72375 0.37833333333333335 0.0575 0.06333333333333334
1 0.5125 0.30833333333333335 0.075 0.09000000000000001
1 0.3975 0.10833333333333334 0.075 0.09666666666666668
1 0.13375 0.5333333333333333 0.11750000000000001 0.12000000000000001
1 0.50125 0.18166666666666667 0.0425 0.05666666666666667
1 0.5325 0.2316666666666667 0.045 0.07
1 0.58625 0.2316666666666667 0.0475 0.05666666666666667
