1 0.3575 0.18333333333333335 0.09 0.09333333333333334
1 0.66 0.24000000000000002 0.08 0.08
1 0.145 0.10333333333333335 0.11 0.15333333333333335
1 0.0475 0.32333333333333336 0.09 0.17333333333333334
0 0.08 0.4366666666666667 0.155 0.08
1 0.03125 0.7633333333333334 0.0575 0.19333333333333336
0 0.86 0.19666666666666668 0.11 0.09333333333333334
0 0.85875 0.5 0.1125 0.14
0 0.9450000000000001 0.46 0.11 0.14
0 0.65625 0.505 0.1575 0.14333333333333334
0 0.41125 0.8416666666666667 0.10250000000000001 0.10333333333333335
