1 0.26375 0.8 0.1475 0.17333333333333334
1 0.20625000000000002 0.3666666666666667 0.1075 0.12666666666666668
1 0.56 0.5966666666666667 0.095 0.11333333333333334
1 0.54625 0.42833333333333334 0.08750000000000001 0.11666666666666667
1 0.58375 0.18166666666666667 0.1125 0.12333333333333334
1 0.6062500000000001 0.31 0.0475 0.08666666666666667
1 0.04875 0.14666666666666667 0.0925 0.11333333333333334
1 0.7025 0.36500000000000005 0.07 0.06333333333333334
0 0.9187500000000001 0.8233333333333334 0.1625 0.18000000000000002
1 0.69625 0.7416666666666667 0.1125 0.13
1 0.93625 0.36833333333333335 0.0625 0.07
1 0.45375 0.06666666666666667 0.0775 0.04
