0 0.195 0.48833333333333334 0.17500000000000002 0.16333333333333333
0 0.36 0.39333333333333337 0.13 0.17333333333333334
0 0.4275 0.26 0.115 0.12666666666666668
0 0.3725 0.265 0.135 0.16333333333333333
0 0.8512500000000001 0.13166666666666668 0.1275 0.18333333333333335
0 0.62625 0.15000000000000002 0.1525 0.16666666666666669
0 0.22625 0.24666666666666667 0.0825 0.22
0 0.2775 0.15166666666666667 0.135 0.09666666666666668
1 0.9725 0.31333333333333335 0.055 0.12000000000000001
1 0.98 0.21166666666666667 0.04 0.09000000000000001
1 0.7425 0.10500000000000001 0.085 0.10333333333333335
1 0.8425 0.04166666666666667 0.08 0.07666666666666667
1 0.595 0.20500000000000002 0.09 0.12333333333333334
1 0.4925 0.05333333333333334 0.075 0.1
1 0.5825 0.023333333333333334 0.08 0.04
1 0.31625000000000003 0.095 0.0725 0.10333333333333335
1 0.24125 0.060000000000000005 0.0925 0.11333333333333334
1 0.1625 0.225 0.075 0.09000000000000001
1 0.07375 0.24833333333333335 0.0975 0.11666666666666667
1 0.09875 0.04666666666666667 0.0775 0.08
1 0.74875 0.03333333333333333 0.0675 0.060000000000000005
2 0.51875 0.19833333333333333 0.0825 0.09666666666666668
2 0.7375 0.20500000000000002 0.09 0.10333333333333335
2 0.5375 0.12000000000000001 0.075 0.08666666666666667
2 0.9675 0.155 0.065 0.08333333333333334
2 0.97375 0.07 0.0525 0.08
2 0.17500000000000002 0.28833333333333333 0.095 0.10333333333333335
2 0.29875 0.2733333333333334 0.08750000000000001 0.1
2 0.6575 0.08166666666666667 0.07 0.08333333333333334
0 0.09 0.14 0.065 0.13333333333333333
