1 0.1375 0.9466666666666668 0.11 0.10666666666666667
1 0.035 0.7616666666666667 0.065 0.09000000000000001
1 0.16375 0.5183333333333333 0.0725 0.09000000000000001
1 0.03875 0.5116666666666667 0.0725 0.07666666666666667
1 0.12375 0.35500000000000004 0.0625 0.08333333333333334
1 0.19 0.35333333333333333 0.065 0.09333333333333334
1 0.485 0.22666666666666668 0.06 0.07333333333333333
1 0.5775 0.195 0.07 0.07
1 0.6575 0.23833333333333334 0.07 0.07666666666666667
1 0.60375 0.3566666666666667 0.0625 0.08
1 0.5475 0.4166666666666667 0.055 0.06666666666666667
1 0.65375 0.12333333333333334 0.0525 0.060000000000000005
