0 0.48375 0.42833333333333334 0.11750000000000001 0.13
0 0.67 0.9366666666666668 0.315 0.12666666666666668
1 0.20625000000000002 0.6083333333333334 0.14250000000000002 0.15000000000000002
1 0.69375 0.125 0.0775 0.06333333333333334
0 0.6900000000000001 0.4666666666666667 0.19 0.12666666666666668
0 0.73875 0.18500000000000003 0.10250000000000001 0.03666666666666667
0 0.3625 0.34833333333333333 0.055 0.12333333333333334
0 0.05 0.6516666666666667 0.095 0.07666666666666667
0 0.0575 0.5950000000000001 0.11 0.07666666666666667
0 0.40375 0.9550000000000001 0.08750000000000001 0.09000000000000001
