0 0.20625000000000002 0.9316666666666668 0.2625 0.1366666666666667
0 0.71375 0.8250000000000001 0.17250000000000001 0.11
0 0.8 0.6216666666666667 0.075 0.17
0 0.68 0.54 0.13 0.1
0 0.5175 0.5283333333333333 0.185 0.15666666666666668
0 0.615 0.325 0.13 0.07666666666666667
1 0.1625 0.24833333333333335 0.085 0.11
1 0.03375 0.14833333333333334 0.0625 0.11666666666666667
1 0.02375 0.02666666666666667 0.0425 0.04666666666666667
1 0.4275 0.33333333333333337 0.085 0.08666666666666667
0 0.39875 0.5483333333333333 0.11750000000000001 0.15666666666666668
0 0.1475 0.7783333333333334 0.1 0.08333333333333334
