1 0.40375 0.5516666666666667 0.14250000000000002 0.15666666666666668
1 0.06375 0.56 0.1225 0.10666666666666667
1 0.8925000000000001 0.028333333333333335 0.085 0.05
0 0.94125 0.08666666666666667 0.11750000000000001 0.04666666666666667
0 0.68125 0.3516666666666667 0.1325 0.15000000000000002
0 0.8975 0.4116666666666667 0.14 0.13
0 0.23375 0.5916666666666667 0.11750000000000001 0.07666666666666667
0 0.55375 0.29333333333333333 0.0925 0.12000000000000001
0 0.86375 0.9183333333333334 0.2725 0.16333333333333333
0 0.6175 0.9466666666666668 0.1 0.10666666666666667
0 0.24125 0.53 0.1275 0.08666666666666667
