0 0.35375 0.7350000000000001 0.08750000000000001 0.12333333333333334
0 0.485 0.8666666666666667 0.195 0.09333333333333334
0 0.1625 0.9566666666666668 0.125 0.08666666666666667
0 0.2025 0.5733333333333334 0.105 0.10666666666666667
1 0.57125 0.65 0.11750000000000001 0.12000000000000001
1 0.64875 0.48833333333333334 0.0725 0.09666666666666668
1 0.05625 0.8716666666666667 0.1075 0.19
1 0.0175 0.6116666666666667 0.03 0.07
1 0.20375000000000001 0.4916666666666667 0.0725 0.07666666666666667
1 0.8525 0.32 0.045 0.05333333333333334
1 0.17125 0.21500000000000002 0.0725 0.09000000000000001
1 0.4025 0.36333333333333334 0.085 0.1
