1 0.14250000000000002 0.795 0.08 0.09000000000000001
1 0.215 0.8700000000000001 0.105 0.1
1 0.335 0.8350000000000001 0.09 0.08333333333333334
1 0.46125 0.8200000000000001 0.0825 0.08
1 0.425 0.6050000000000001 0.065 0.07666666666666667
1 0.5875 0.6416666666666667 0.065 0.07
1 0.3375 0.5933333333333334 0.07 0.06666666666666667
1 0.025 0.9633333333333334 0.045 0.07333333333333333
1 0.64625 0.7966666666666667 0.0675 0.1
1 0.6275000000000001 0.7000000000000001 0.05 0.08666666666666667
1 0.68375 0.7100000000000001 0.0575 0.09333333333333334
