1 0.08875 0.6616666666666667 0.1325 0.15666666666666668
1 0.34500000000000003 0.6183333333333334 0.095 0.09000000000000001
1 0.44 0.5066666666666667 0.08 0.09333333333333334
1 0.45375 0.4316666666666667 0.0625 0.07666666666666667
1 0.50375 0.645 0.0775 0.09000000000000001
1 0.4325 0.7000000000000001 0.08 0.10666666666666667
1 0.5075000000000001 0.7400000000000001 0.085 0.10666666666666667
1 0.465 0.8166666666666668 0.105 0.11333333333333334
1 0.44625000000000004 0.9333333333333333 0.10250000000000001 0.13333333333333333
1 0.77125 0.5683333333333334 0.0575 0.06333333333333334
1 0.94875 0.3766666666666667 0.0725 0.1
