1 0.23 0.5766666666666667 0.08 0.07333333333333333
1 0.32375 0.6000000000000001 0.0825 0.1
1 0.51125 0.625 0.0775 0.07666666666666667
1 0.5775 0.5800000000000001 0.05 0.08666666666666667
1 0.55625 0.6900000000000001 0.0625 0.08666666666666667
1 0.60875 0.6883333333333334 0.0475 0.08333333333333334
1 0.57125 0.775 0.0975 0.07
1 0.53 0.8466666666666667 0.065 0.06666666666666667
1 0.63 0.8700000000000001 0.07 0.060000000000000005
1 0.3675 0.8516666666666667 0.095 0.07
1 0.23 0.8700000000000001 0.085 0.07333333333333333
1 0.10250000000000001 0.8983333333333334 0.11 0.11666666666666667
1 0.0375 0.8166666666666668 0.07 0.12000000000000001
