1 0.04125 0.37833333333333335 0.0775 0.10333333333333335
1 0.10625 0.53 0.1125 0.1
1 0.135 0.6516666666666667 0.1 0.14333333333333334
1 0.04875 0.62 0.0925 0.14
1 0.0775 0.7633333333333334 0.125 0.12000000000000001
1 0.2325 0.8316666666666667 0.12 0.12333333333333334
1 0.06625 0.8883333333333334 0.1275 0.14333333333333334
1 0.12125 0.9633333333333334 0.1475 0.07333333333333333
1 0.70125 0.9450000000000001 0.1225 0.11
1 0.77 0.7066666666666667 0.08 0.1
1 0.445 0.41833333333333333 0.07 0.06333333333333334
1 0.6425 0.19333333333333336 0.08 0.09333333333333334
1 0.685 0.12833333333333335 0.06 0.07666666666666667
1 0.78125 0.17333333333333334 0.0725 0.09333333333333334
1 0.82875 0.08333333333333334 0.0675 0.1
1 0.8875000000000001 0.5800000000000001 0.075 0.09333333333333334
1 0.54125 0.8750000000000001 0.1125 0.12333333333333334
