0 0.38375000000000004 0.7566666666666667 0.1625 0.14666666666666667
1 0.45125 0.7016666666666667 0.1325 0.15000000000000002
1 0.42125 0.4783333333333334 0.10250000000000001 0.10333333333333335
1 0.31875000000000003 0.9366666666666668 0.1875 0.12666666666666668
1 0.08375 0.9666666666666667 0.1625 0.060000000000000005
1 0.30875 0.32333333333333336 0.0825 0.08666666666666667
1 0.47000000000000003 0.2866666666666667 0.09 0.08
1 0.515 0.21833333333333335 0.065 0.05666666666666667
1 0.015 0.14666666666666667 0.025 0.06666666666666667
0 0.515 0.5316666666666667 0.085 0.11
