1 0.21 0.5533333333333333 0.09 0.08
1 0.36125 0.33666666666666667 0.0725 0.08666666666666667
1 0.2575 0.22333333333333336 0.07 0.060000000000000005
1 0.3575 0.12166666666666667 0.055 0.05666666666666667
1 0.94125 0.3816666666666667 0.0675 0.08333333333333334
0 0.7625000000000001 0.8516666666666667 0.135 0.09000000000000001
0 0.87875 0.8883333333333334 0.1225 0.14333333333333334
1 0.71125 0.09000000000000001 0.0575 0.06666666666666667
1 0.88 0.065 0.055 0.06333333333333334
0 0.52375 0.7783333333333334 0.1075 0.07666666666666667
