1 0.1125 0.38 0.08 0.08
1 0.07375 0.14 0.0625 0.04666666666666667
1 0.22875 0.18000000000000002 0.0775 0.07333333333333333
1 0.5575 0.49833333333333335 0.08 0.08333333333333334
1 0.5 0.7016666666666667 0.075 0.08333333333333334
1 0.6775 0.53 0.06 0.07333333333333333
1 0.78625 0.5083333333333334 0.0725 0.07666666666666667
1 0.8175 0.5633333333333334 0.07 0.07333333333333333
1 0.89375 0.515 0.0825 0.09000000000000001
1 0.67625 0.395 0.0725 0.07666666666666667
1 0.6125 0.315 0.05 0.05666666666666667
1 0.74125 0.3516666666666667 0.0675 0.07
1 0.3925 0.7633333333333334 0.065 0.09333333333333334
