0 0.41125 0.775 0.1275 0.07666666666666667
0 0.61625 0.6433333333333334 0.0725 0.10666666666666667
0 0.97 0.5483333333333333 0.06 0.06333333333333334
1 0.0825 0.7683333333333334 0.095 0.11
1 0.2225 0.8300000000000001 0.095 0.08
1 0.34750000000000003 0.8966666666666667 0.075 0.08
1 0.4875 0.7033333333333334 0.085 0.10666666666666667
1 0.42625 0.24333333333333335 0.0825 0.1
1 0.73 0.3666666666666667 0.1 0.12666666666666668
1 0.7825 0.48333333333333334 0.08 0.10666666666666667
1 0.89875 0.41500000000000004 0.0775 0.10333333333333335
1 0.07375 0.12833333333333335 0.0475 0.06333333333333334
