0 0.69125 0.9366666666666668 0.0825 0.12666666666666668
0 0.8425 0.63 0.07 0.1
0 0.875 0.7866666666666667 0.08 0.12000000000000001
1 0.19625 0.455 0.1325 0.11666666666666667
1 0.051250000000000004 0.46166666666666667 0.0775 0.09666666666666668
1 0.03125 0.36833333333333335 0.0575 0.09000000000000001
1 0.39 0.30833333333333335 0.065 0.06333333333333334
1 0.6587500000000001 0.42000000000000004 0.0675 0.08666666666666667
1 0.67875 0.68 0.0675 0.08
1 0.77875 0.7583333333333334 0.08750000000000001 0.11666666666666667
1 0.80375 0.9 0.0825 0.11333333333333334
1 0.8462500000000001 0.555 0.0475 0.07
1 0.8875000000000001 0.6166666666666667 0.065 0.06666666666666667
