1 0.11625 0.275 0.0575 0.06333333333333334
1 0.35000000000000003 0.05166666666666667 0.075 0.07
1 0.4225 0.05333333333333334 0.055 0.060000000000000005
1 0.55875 0.2516666666666667 0.0625 0.09666666666666668
1 0.975 0.6066666666666667 0.05 0.09333333333333334
1 0.5700000000000001 0.6950000000000001 0.07 0.07666666666666667
1 0.23625000000000002 0.625 0.0775 0.09000000000000001
1 0.1475 0.7250000000000001 0.08 0.09000000000000001
0 0.0975 0.9400000000000001 0.075 0.12000000000000001
0 0.8125 0.8833333333333334 0.2 0.1
0 0.85875 0.9550000000000001 0.20750000000000002 0.09000000000000001
