0 0.1375 0.6416666666666667 0.13 0.08333333333333334
0 0.10625 0.56 0.11750000000000001 0.04
0 0.9187500000000001 0.6833333333333333 0.0925 0.08666666666666667
0 0.39 0.7066666666666667 0.06 0.08
1 0.1225 0.9666666666666667 0.17 0.06666666666666667
1 0.31875000000000003 0.6333333333333334 0.0975 0.1
1 0.3775 0.54 0.11 0.1
1 0.18125 0.54 0.0775 0.060000000000000005
1 0.4325 0.8216666666666668 0.17 0.17
1 0.6275000000000001 0.9016666666666667 0.125 0.17666666666666667
1 0.70875 0.6216666666666667 0.0725 0.09000000000000001
1 0.7887500000000001 0.49500000000000005 0.0975 0.09666666666666668
0 0.93875 0.555 0.0625 0.11
1 0.02125 0.6016666666666667 0.0375 0.09000000000000001
1 0.02625 0.3416666666666667 0.0475 0.05
