1 0.0525 0.655 0.075 0.08333333333333334
1 0.3325 0.4316666666666667 0.06 0.07
1 0.3925 0.4766666666666667 0.055 0.07333333333333333
1 0.4875 0.5183333333333333 0.06 0.07
1 0.41250000000000003 0.4116666666666667 0.07 0.07666666666666667
1 0.28750000000000003 0.325 0.06 0.06333333333333334
1 0.02375 0.49000000000000005 0.0425 0.060000000000000005
1 0.6225 0.23833333333333334 0.04 0.06333333333333334
1 0.58625 0.37833333333333335 0.0525 0.07
1 0.7025 0.445 0.06 0.07
1 0.73625 0.8733333333333334 0.10250000000000001 0.12666666666666668
1 0.25625 0.9016666666666667 0.1125 0.15000000000000002
1 0.805 0.45833333333333337 0.05 0.043333333333333335
1 0.9125 0.32666666666666666 0.06 0.06666666666666667
1 0.96625 0.48333333333333334 0.0525 0.05333333333333334
