0 0.8475 0.42500000000000004 0.18 0.20333333333333334
1 0.74125 0.14666666666666667 0.0725 0.1
1 0.75 0.05166666666666667 0.055 0.05666666666666667
1 0.56875 0.3716666666666667 0.10250000000000001 0.11
1 0.81375 0.6233333333333334 0.1125 0.11333333333333334
1 0.70375 0.9266666666666667 0.1375 0.13333333333333333
1 0.22125 0.7400000000000001 0.1225 0.13333333333333333
1 0.0375 0.3116666666666667 0.07 0.10333333333333335
1 0.4925 0.10500000000000001 0.06 0.06333333333333334
0 0.55375 0.9516666666666668 0.11750000000000001 0.09666666666666668
