0 0.93375 0.77 0.1325 0.11333333333333334
0 0.9725 0.6033333333333334 0.055 0.11333333333333334
0 0.84125 0.6866666666666668 0.1075 0.15333333333333335
0 0.94875 0.49333333333333335 0.0675 0.10666666666666667
0 0.17125 0.39333333333333337 0.1075 0.05333333333333334
1 0.08125 0.44833333333333336 0.10250000000000001 0.07
1 0.28 0.5033333333333334 0.135 0.11333333333333334
1 0.17125 0.6683333333333333 0.1275 0.11666666666666667
1 0.24125 0.9450000000000001 0.2325 0.11
1 0.525 0.9683333333333334 0.12 0.06333333333333334
1 0.7075 0.61 0.095 0.1
1 0.8200000000000001 0.4516666666666667 0.12 0.12333333333333334
1 0.3675 0.4316666666666667 0.085 0.08333333333333334
