1 0.11 0.5566666666666668 0.08 0.08666666666666667
1 0.19125 0.35333333333333333 0.0675 0.08666666666666667
1 0.5625 0.5866666666666667 0.065 0.06666666666666667
1 0.64875 0.6416666666666667 0.0775 0.06333333333333334
1 0.71 0.6916666666666668 0.055 0.08333333333333334
1 0.72875 0.8533333333333334 0.0675 0.05333333333333334
1 0.75375 0.67 0.0525 0.08
1 0.18375 0.9416666666666668 0.14250000000000002 0.11666666666666667
0 0.41875 0.7716666666666667 0.0925 0.07666666666666667
0 0.35625 0.9666666666666667 0.0725 0.06666666666666667
