1 0.74 0.3566666666666667 0.20500000000000002 0.26
1 0.9237500000000001 0.09666666666666668 0.1525 0.17333333333333334
1 0.58375 0.47000000000000003 0.1375 0.24000000000000002
1 0.40375 0.9433333333333334 0.17250000000000001 0.11333333333333334
2 0.06875 0.89 0.1325 0.21333333333333335
2 0.7275 0.8700000000000001 0.19 0.26
2 0.89125 0.8216666666666668 0.2175 0.3166666666666667
2 0.91 0.47500000000000003 0.18 0.29000000000000004
2 0.59375 0.11666666666666667 0.11750000000000001 0.16
2 0.675 0.19166666666666668 0.1 0.16333333333333333
2 0.5 0.06833333333333334 0.115 0.11
2 0.16875 0.09166666666666667 0.1275 0.1366666666666667
2 0.8462500000000001 0.03666666666666667 0.0975 0.06666666666666667
0 0.15 0.315 0.17 0.19666666666666668
0 0.20375000000000001 0.44333333333333336 0.1625 0.14666666666666667
0 0.33375 0.5816666666666667 0.41250000000000003 0.22333333333333336
0 0.4575 0.44333333333333336 0.17 0.33333333333333337
0 0.35625 0.13833333333333334 0.08750000000000001 0.20333333333333334
0 0.47375 0.14833333333333334 0.1775 0.15666666666666668
0 0.59375 0.28500000000000003 0.1325 0.17666666666666667
0 0.85375 0.2516666666666667 0.2925 0.2966666666666667
0 0.7525000000000001 0.09333333333333334 0.20500000000000002 0.10666666666666667
0 0.7325 0.7166666666666667 0.46 0.56
