0 0.4225 0.49000000000000005 0.095 0.22666666666666668
0 0.53625 0.7783333333333334 0.17250000000000001 0.16333333333333333
0 0.68625 0.7433333333333334 0.2125 0.31333333333333335
0 0.93 0.5583333333333333 0.14 0.15000000000000002
0 0.685 0.385 0.125 0.14333333333333334
0 0.52375 0.26166666666666666 0.0775 0.07
0 0.4325 0.21000000000000002 0.11 0.09333333333333334
0 0.35875 0.42500000000000004 0.1225 0.11666666666666667
0 0.23375 0.8433333333333334 0.1675 0.16666666666666669
0 0.13875 0.7283333333333334 0.0925 0.14333333333333334
0 0.29 0.535 0.19 0.13
0 0.5775 0.6950000000000001 0.14 0.22333333333333336
0 0.4875 0.043333333333333335 0.06 0.08
2 0.22125 0.6533333333333333 0.1125 0.14666666666666667
2 0.62875 0.9016666666666667 0.1225 0.19666666666666668
2 0.90375 0.37333333333333335 0.1275 0.16666666666666669
2 0.8475 0.54 0.12 0.16
2 0.7975 0.4516666666666667 0.1 0.1366666666666667
2 0.74625 0.5016666666666667 0.0675 0.15000000000000002
2 0.64 0.225 0.105 0.17666666666666667
2 0.6875 0.2866666666666667 0.075 0.11333333333333334
2 0.585 0.2916666666666667 0.105 0.10333333333333335
2 0.5175 0.33666666666666667 0.085 0.10666666666666667
2 0.5875 0.15166666666666667 0.085 0.10333333333333335
2 0.35125 0.12166666666666667 0.0675 0.09000000000000001
2 0.41375 0.11 0.0625 0.08
2 0.4925 0.10166666666666667 0.08 0.06333333333333334
2 0.51 0.445 0.09 0.15000000000000002
1 0.53125 0.9083333333333334 0.0975 0.18333333333333335
1 0.37 0.7083333333333334 0.1 0.15666666666666668
1 0.69375 0.5183333333333333 0.10250000000000001 0.18333333333333335
1 0.61 0.46 0.095 0.16666666666666669
1 0.59 0.3766666666666667 0.075 0.08666666666666667
1 0.8675 0.27 0.09 0.1
1 0.445 0.33166666666666667 0.075 0.11
1 0.51625 0.16333333333333333 0.0775 0.1
0 0.36125 0.335 0.11750000000000001 0.08333333333333334
0 0.93625 0.66 0.0775 0.08666666666666667
