0 0.7868055555555555 0.7679012345679013 0.1513888888888889 0.1728395061728395
0 0.4375 0.6234567901234568 0.16111111111111112 0.1111111111111111
0 0.26666666666666666 0.8888888888888888 0.08611111111111111 0.2271604938271605
1 0.3993055555555556 0.9567901234567902 0.08472222222222223 0.09135802469135802
1 0.3263888888888889 0.7333333333333333 0.058333333333333334 0.10864197530864197
1 0.5256944444444445 0.5506172839506173 0.06805555555555556 0.12345679012345678
1 0.48680555555555555 0.4407407407407407 0.04861111111111111 0.09135802469135802
1 0.6270833333333333 0.8839506172839506 0.0625 0.1037037037037037
1 0.9055555555555556 0.6098765432098765 0.07222222222222223 0.08395061728395062
2 0.8291666666666667 0.9604938271604938 0.044444444444444446 0.08395061728395062
