0 0.6291666666666667 0.4580246913580247 0.21666666666666667 0.4024691358024691
1 0.044444444444444446 0.3753086419753086 0.08611111111111111 0.2074074074074074
0 0.06597222222222222 0.5098765432098765 0.10416666666666667 0.2938271604938272
0 0.1 0.691358024691358 0.19444444444444445 0.3358024691358025
1 0.09791666666666667 0.8246913580246913 0.16805555555555557 0.2716049382716049
0 0.2638888888888889 0.8604938271604938 0.25277777777777777 0.2839506172839506
2 0.22916666666666669 0.6777777777777778 0.1 0.1259259259259259
0 0.3826388888888889 0.7432098765432099 0.20694444444444446 0.23703703703703705
0 0.3180555555555556 0.5395061728395062 0.28611111111111115 0.2740740740740741
0 0.43333333333333335 0.6493827160493827 0.11944444444444445 0.18271604938271604
1 0.17083333333333334 0.41604938271604935 0.125 0.20987654320987653
0 0.17916666666666667 0.2814814814814815 0.20833333333333334 0.19753086419753085
1 0.09236111111111112 0.1925925925925926 0.10972222222222222 0.16790123456790124
1 0.18125 0.1728395061728395 0.12638888888888888 0.21234567901234566
1 0.28750000000000003 0.4185185185185185 0.11111111111111112 0.15555555555555556
1 0.2729166666666667 0.21358024691358024 0.10694444444444445 0.17530864197530863
1 0.4361111111111111 0.29259259259259257 0.15555555555555556 0.30864197530864196
2 0.3159722222222222 0.13950617283950617 0.11805555555555557 0.09135802469135802
0 0.4138888888888889 0.9135802469135802 0.28055555555555556 0.17777777777777778
0 0.58125 0.7790123456790123 0.12361111111111112 0.4469135802469136
0 0.7034722222222223 0.8950617283950617 0.13194444444444445 0.21481481481481482
2 0.5118055555555556 0.6185185185185185 0.09305555555555556 0.2641975308641975
1 0.5777777777777778 0.4469135802469136 0.16666666666666669 0.20246913580246914
1 0.49930555555555556 0.10987654320987654 0.12916666666666668 0.21481481481481482
1 0.6451388888888889 0.20123456790123456 0.13194444444444445 0.22469135802469134
2 0.5930555555555556 0.16049382716049382 0.08611111111111111 0.17777777777777778
2 0.6159722222222223 0.05185185185185185 0.10972222222222222 0.09876543209876543
2 0.7041666666666667 0.09506172839506173 0.09722222222222222 0.15555555555555556
1 0.7993055555555556 0.29259259259259257 0.12083333333333333 0.1654320987654321
2 0.7659722222222223 0.07407407407407407 0.10694444444444445 0.14320987654320988
0 0.8041666666666667 0.0728395061728395 0.14166666666666666 0.14074074074074075
0 0.857638888888889 0.17160493827160495 0.16527777777777777 0.14074074074074075
0 0.8798611111111111 0.35061728395061725 0.11527777777777778 0.3111111111111111
0 0.9131944444444445 0.45925925925925926 0.1763888888888889 0.3111111111111111
0 0.9555555555555556 0.6432098765432098 0.09166666666666667 0.2839506172839506
0 0.9048611111111111 0.8222222222222222 0.19305555555555556 0.2419753086419753
0 0.9590277777777778 0.19999999999999998 0.08472222222222223 0.3802469135802469
