0 0.8423611111111111 0.8493827160493826 0.24861111111111112 0.30617283950617286
0 0.7131944444444445 0.7444444444444445 0.1513888888888889 0.24938271604938272
0 0.7222222222222222 0.5580246913580247 0.17777777777777778 0.23209876543209876
0 0.04583333333333334 0.6950617283950618 0.08888888888888889 0.18024691358024691
0 0.1277777777777778 0.5790123456790124 0.1 0.145679012345679
2 0.13402777777777777 0.645679012345679 0.07916666666666666 0.18518518518518517
1 0.029166666666666667 0.874074074074074 0.05555555555555556 0.16296296296296295
0 0.07708333333333334 0.825925925925926 0.07083333333333333 0.25925925925925924
0 0.10138888888888889 0.9345679012345679 0.2 0.13580246913580246
1 0.1375 0.8592592592592593 0.07777777777777778 0.12345679012345678
1 0.23541666666666666 0.7691358024691358 0.08750000000000001 0.22469135802469134
0 0.23333333333333334 0.9481481481481482 0.09722222222222222 0.10864197530864197
0 0.32222222222222224 0.9493827160493827 0.09444444444444444 0.10617283950617283
0 0.17569444444444446 0.737037037037037 0.10138888888888889 0.15061728395061727
0 0.18333333333333335 0.6259259259259259 0.058333333333333334 0.19012345679012346
0 0.31736111111111115 0.8506172839506173 0.1486111111111111 0.13580246913580246
0 0.2888888888888889 0.7098765432098765 0.05277777777777778 0.21481481481481482
0 0.4486111111111111 0.7123456790123457 0.1388888888888889 0.35802469135802467
0 0.5333333333333333 0.6691358024691358 0.1638888888888889 0.2814814814814815
1 0.36597222222222225 0.7135802469135802 0.09027777777777778 0.17777777777777778
2 0.41458333333333336 0.6148148148148148 0.07361111111111111 0.1037037037037037
0 0.3340277777777778 0.6395061728395062 0.07916666666666666 0.21234567901234566
0 0.4326388888888889 0.5259259259259259 0.17083333333333334 0.16296296296296295
1 0.23194444444444445 0.571604938271605 0.09166666666666667 0.145679012345679
1 0.3236111111111111 0.545679012345679 0.09722222222222222 0.14320987654320988
0 0.2555555555555556 0.47530864197530864 0.08888888888888889 0.10617283950617283
1 0.27361111111111114 0.40987654320987654 0.11111111111111112 0.12839506172839507
0 0.33958333333333335 0.4444444444444444 0.09027777777777778 0.11851851851851852
2 0.16875 0.19876543209876543 0.0625 0.08641975308641975
0 0.17222222222222222 0.36790123456790125 0.07777777777777778 0.1728395061728395
0 0.2673611111111111 0.22839506172839505 0.09305555555555556 0.15555555555555556
0 0.3145833333333333 0.19135802469135801 0.10416666666666667 0.16049382716049382
2 0.3666666666666667 0.06419753086419754 0.07222222222222223 0.06419753086419754
0 0.30694444444444446 0.0962962962962963 0.07777777777777778 0.07901234567901234
1 0.35208333333333336 0.3728395061728395 0.0763888888888889 0.14320987654320988
1 0.40625 0.42592592592592593 0.10138888888888889 0.13580246913580246
1 0.44236111111111115 0.31234567901234567 0.14583333333333334 0.145679012345679
0 0.5159722222222223 0.43950617283950616 0.10972222222222222 0.1580246913580247
2 0.5618055555555556 0.4506172839506173 0.08472222222222223 0.15061728395061727
0 0.6284722222222222 0.3802469135802469 0.08472222222222223 0.1925925925925926
1 0.46875 0.2074074074074074 0.09305555555555556 0.1382716049382716
2 0.5298611111111111 0.18024691358024691 0.0763888888888889 0.16296296296296295
2 0.5055555555555555 0.10493827160493827 0.075 0.07654320987654321
1 0.5756944444444445 0.3172839506172839 0.1125 0.1654320987654321
0 0.9034722222222222 0.44320987654320987 0.19583333333333333 0.1308641975308642
0 0.8430555555555556 0.3098765432098765 0.18611111111111112 0.145679012345679
0 0.6194444444444445 0.27901234567901234 0.19722222222222224 0.12839506172839507
1 0.5930555555555556 0.16666666666666666 0.09166666666666667 0.145679012345679
1 0.6770833333333334 0.14320987654320988 0.0763888888888889 0.13333333333333333
0 0.5659722222222222 0.10123456790123457 0.0763888888888889 0.08395061728395062
0 0.7833333333333333 0.13333333333333333 0.17777777777777778 0.23209876543209876
0 0.7798611111111111 0.17037037037037037 0.12638888888888888 0.1876543209876543
0 0.725 0.08765432098765431 0.04722222222222222 0.07160493827160494
0 0.7520833333333333 0.04197530864197531 0.05416666666666667 0.07901234567901234
0 0.6888888888888889 0.04938271604938271 0.08333333333333334 0.09382716049382715
0 0.4777777777777778 0.037037037037037035 0.12222222222222223 0.0691358024691358
0 0.5458333333333334 0.044444444444444446 0.06666666666666667 0.08395061728395062
0 0.6152777777777778 0.04567901234567901 0.1277777777777778 0.08641975308641975
