1 0.9194444444444445 0.09259259259259259 0.1638888888888889 0.18024691358024691
0 0.763888888888889 0.03333333333333333 0.08888888888888889 0.06172839506172839
0 0.7388888888888889 0.09753086419753086 0.13333333333333333 0.10123456790123457
0 0.7916666666666667 0.20617283950617282 0.18611111111111112 0.20493827160493827
0 0.9055555555555556 0.32839506172839505 0.19166666666666668 0.21234567901234566
2 0.9125000000000001 0.48641975308641977 0.17777777777777778 0.2765432098765432
2 0.6819444444444445 0.20864197530864198 0.1 0.18518518518518517
2 0.6013888888888889 0.1259259259259259 0.1277777777777778 0.15308641975308643
2 0.4979166666666667 0.06419753086419754 0.10972222222222222 0.11851851851851852
0 0.36041666666666666 0.14444444444444443 0.08472222222222223 0.22469135802469134
0 0.48888888888888893 0.15432098765432098 0.16944444444444445 0.17530864197530863
0 0.5888888888888889 0.27901234567901234 0.11944444444444445 0.20246913580246914
1 0.7395833333333334 0.3345679012345679 0.2125 0.2740740740740741
1 0.5868055555555556 0.4407407407407407 0.12083333333333333 0.22962962962962963
2 0.8993055555555556 0.825925925925926 0.2013888888888889 0.3234567901234568
2 0.7243055555555555 0.8641975308641975 0.1902777777777778 0.2765432098765432
0 0.7361111111111112 0.7160493827160493 0.44722222222222224 0.5580246913580247
0 0.4638888888888889 0.4506172839506173 0.15833333333333333 0.3432098765432099
0 0.14652777777777778 0.32839506172839505 0.15972222222222224 0.23703703703703705
0 0.20277777777777778 0.4530864197530864 0.16111111111111112 0.17037037037037037
2 0.16458333333333333 0.09012345679012346 0.12361111111111112 0.15555555555555556
2 0.07152777777777779 0.8925925925925926 0.14027777777777778 0.21975308641975308
0 0.28194444444444444 0.5938271604938271 0.4388888888888889 0.2839506172839506
