0 0.08402777777777778 0.4876543209876543 0.1375 0.28888888888888886
0 0.13194444444444445 0.6407407407407407 0.14444444444444446 0.31851851851851853
0 0.2013888888888889 0.6728395061728395 0.16666666666666669 0.3530864197530864
0 0.28055555555555556 0.4024691358024691 0.10833333333333334 0.2716049382716049
0 0.2138888888888889 0.2802469135802469 0.14166666666666666 0.1111111111111111
0 0.25833333333333336 0.8592592592592593 0.15 0.28641975308641976
0 0.3715277777777778 0.8444444444444444 0.14027777777777778 0.3160493827160494
0 0.4729166666666667 0.8987654320987654 0.15416666666666667 0.2074074074074074
1 0.5486111111111112 0.8037037037037037 0.14722222222222223 0.2641975308641975
0 0.6125 0.9234567901234567 0.09722222222222222 0.1580246913580247
0 0.7041666666666667 0.9234567901234567 0.125 0.1580246913580247
0 0.8409722222222222 0.8148148148148148 0.32083333333333336 0.2716049382716049
1 0.8375 0.9296296296296296 0.19444444444444445 0.145679012345679
2 0.7298611111111112 0.7506172839506172 0.0763888888888889 0.10864197530864197
2 0.9187500000000001 0.6666666666666666 0.14583333333333334 0.15308641975308643
2 0.8 0.6259259259259259 0.13055555555555556 0.18024691358024691
1 0.6430555555555556 0.5901234567901235 0.18055555555555555 0.291358024691358
0 0.4979166666666667 0.5172839506172839 0.25416666666666665 0.19999999999999998
2 0.7027777777777778 0.545679012345679 0.10277777777777779 0.1925925925925926
1 0.7118055555555556 0.36666666666666664 0.13472222222222222 0.23950617283950618
2 0.7041666666666667 0.4345679012345679 0.11111111111111112 0.07901234567901234
1 0.5951388888888889 0.29753086419753083 0.15694444444444444 0.21975308641975308
1 0.4965277777777778 0.3765432098765432 0.11527777777777778 0.19506172839506172
0 0.40555555555555556 0.3617283950617284 0.10277777777777779 0.19506172839506172
0 0.4701388888888889 0.23333333333333334 0.14027777777777778 0.12098765432098765
0 0.35833333333333334 0.25555555555555554 0.07222222222222223 0.15061728395061727
0 0.3263888888888889 0.17037037037037037 0.13611111111111113 0.1382716049382716
1 0.4666666666666667 0.10493827160493827 0.06666666666666667 0.1111111111111111
0 0.40902777777777777 0.17407407407407408 0.08194444444444444 0.1111111111111111
2 0.71875 0.254320987654321 0.07916666666666666 0.1037037037037037
1 0.6770833333333334 0.1345679012345679 0.09027777777777778 0.1654320987654321
0 0.4979166666666667 0.13950617283950617 0.08750000000000001 0.0962962962962963
0 0.6409722222222223 0.09012345679012346 0.043055555555555555 0.1111111111111111
1 0.6159722222222223 0.0654320987654321 0.05416666666666667 0.08148148148148147
0 0.5631944444444444 0.08271604938271605 0.10138888888888889 0.06666666666666667
1 0.5194444444444445 0.03827160493827161 0.05555555555555556 0.07160493827160494
0 0.5694444444444444 0.03580246913580247 0.05555555555555556 0.06666666666666667
0 0.9423611111111111 0.18271604938271604 0.11805555555555557 0.11851851851851852
