1 0.8477864583333333 0.3877314814814815 0.030989583333333334 0.04861111111111111
1 0.9169270833333333 0.8495370370370371 0.04375 0.061111111111111116
1 0.8078124999999999 0.9502314814814815 0.04375 0.07268518518518519
1 0.851171875 0.7377314814814815 0.03307291666666667 0.0625
1 0.7790364583333333 0.7719907407407408 0.030989583333333334 0.07361111111111111
1 0.484765625 0.4342592592592593 0.03359375 0.0712962962962963
1 0.5361979166666666 0.20671296296296296 0.03229166666666666 0.05416666666666667
1 0.6919270833333333 0.5247685185185186 0.021875 0.04490740740740741
1 0.5572916666666666 0.7925925925925926 0.052083333333333336 0.07037037037037037
1 0.29205729166666666 0.5611111111111111 0.05911458333333333 0.07777777777777778
1 0.051432291666666664 0.6625 0.10234375 0.13240740740740742
1 0.099609375 0.5391203703703704 0.08515625 0.0912037037037037
